## htsjdk.samtools.metrics.StringHeader
# MarkDuplicates INPUT=[/beegfs/scratch/ric.sessa/kubacki.michal/SRF_Eva_top/Eva_submission/SRF_Eva_Cut_and_Tag/results/04_filtered/TEAD1-1_with_rg.bam] OUTPUT=/beegfs/scratch/ric.sessa/kubacki.michal/SRF_Eva_top/Eva_submission/SRF_Eva_Cut_and_Tag/results/04_filtered/TEAD1-1_dedup.bam METRICS_FILE=/beegfs/scratch/ric.sessa/kubacki.michal/SRF_Eva_top/Eva_submission/SRF_Eva_Cut_and_Tag/results/04_filtered/TEAD1-1_dedup_metrics.txt REMOVE_DUPLICATES=false ASSUME_SORTED=true CREATE_INDEX=true    MAX_SEQUENCES_FOR_DISK_READ_ENDS_MAP=50000 MAX_FILE_HANDLES_FOR_READ_ENDS_MAP=8000 SORTING_COLLECTION_SIZE_RATIO=0.25 TAG_DUPLICATE_SET_MEMBERS=false REMOVE_SEQUENCING_DUPLICATES=false TAGGING_POLICY=DontTag CLEAR_DT=true DUPLEX_UMI=false FLOW_MODE=false FLOW_DUP_STRATEGY=FLOW_QUALITY_SUM_STRATEGY FLOW_USE_END_IN_UNPAIRED_READS=false FLOW_USE_UNPAIRED_CLIPPED_END=false FLOW_UNPAIRED_END_UNCERTAINTY=0 FLOW_UNPAIRED_START_UNCERTAINTY=0 FLOW_SKIP_FIRST_N_FLOWS=0 FLOW_Q_IS_KNOWN_END=false FLOW_EFFECTIVE_QUALITY_THRESHOLD=15 ADD_PG_TAG_TO_READS=true DUPLICATE_SCORING_STRATEGY=SUM_OF_BASE_QUALITIES PROGRAM_RECORD_ID=MarkDuplicates PROGRAM_GROUP_NAME=MarkDuplicates READ_NAME_REGEX=<optimized capture of last three ':' separated fields as numeric values> OPTICAL_DUPLICATE_PIXEL_DISTANCE=100 MAX_OPTICAL_DUPLICATE_SET_SIZE=300000 VERBOSITY=INFO QUIET=false VALIDATION_STRINGENCY=STRICT COMPRESSION_LEVEL=5 MAX_RECORDS_IN_RAM=500000 CREATE_MD5_FILE=false USE_JDK_DEFLATER=false USE_JDK_INFLATER=false
## htsjdk.samtools.metrics.StringHeader
# Started on: Tue Mar 03 15:41:17 CET 2026

## METRICS CLASS	picard.sam.DuplicationMetrics
LIBRARY	UNPAIRED_READS_EXAMINED	READ_PAIRS_EXAMINED	SECONDARY_OR_SUPPLEMENTARY_RDS	UNMAPPED_READS	UNPAIRED_READ_DUPLICATES	READ_PAIR_DUPLICATES	READ_PAIR_OPTICAL_DUPLICATES	PERCENT_DUPLICATION	ESTIMATED_LIBRARY_SIZE
lib1	0	58252625	0	357992980	0	55204475	982028	0.947674	3048150

## HISTOGRAM	java.lang.Double
BIN	CoverageMult	all_sets	optical_sets	non_optical_sets
1.0	1	636544	0	691475
2.0	1	307166	468700	308331
3.0	1	216094	109440	211268
4.0	1	166838	30625	160264
5.0	1	133737	11406	127914
6.0	1	111067	5399	105894
7.0	1	93717	3172	89390
8.0	1	81242	2045	77733
9.0	1	71129	1444	69080
10.0	1	63726	1070	61099
11.0	1	56946	794	55216
12.0	1	51534	629	49961
13.0	1	47194	466	45410
14.0	1	43224	406	42072
15.0	1	40174	296	39438
16.0	1	37623	256	36543
17.0	1	35200	209	34494
18.0	1	32564	160	31886
19.0	1	30670	173	30082
20.0	1	29023	125	28463
21.0	1	27832	105	27476
22.0	1	26631	108	25967
23.0	1	25194	81	24858
24.0	1	23680	63	23258
25.0	1	22642	50	22398
26.0	1	21833	48	21368
27.0	1	20987	33	20671
28.0	1	20225	50	20000
29.0	1	19334	34	18934
30.0	1	18431	30	18347
31.0	1	17893	20	17597
32.0	1	17055	30	16833
33.0	1	16475	25	16386
34.0	1	16043	24	15798
35.0	1	15704	15	15465
36.0	1	14917	22	14868
37.0	1	14618	12	14366
38.0	1	14177	13	14090
39.0	1	13715	13	13677
40.0	1	13424	15	13245
41.0	1	12722	9	12504
42.0	1	12525	8	12286
43.0	1	12057	7	12199
44.0	1	11930	8	11674
45.0	1	11417	8	11381
46.0	1	11249	9	11081
47.0	1	10979	6	10896
48.0	1	10527	2	10408
49.0	1	10242	4	10097
50.0	1	10085	5	9912
51.0	1	9532	3	9534
52.0	1	9415	6	9346
53.0	1	9262	2	9277
54.0	1	8947	3	8739
55.0	1	8616	4	8533
56.0	1	8234	3	8204
57.0	1	8150	2	8084
58.0	1	8046	3	7897
59.0	1	7536	5	7554
60.0	1	7483	3	7323
61.0	1	7204	4	7196
62.0	1	7065	5	6912
63.0	1	6828	3	6769
64.0	1	6670	0	6577
65.0	1	6279	1	6167
66.0	1	6079	1	6047
67.0	1	5952	3	5751
68.0	1	5646	1	5527
69.0	1	5294	4	5375
70.0	1	5242	3	5105
71.0	1	5051	2	4918
72.0	1	4669	0	4672
73.0	1	4614	1	4532
74.0	1	4374	1	4280
75.0	1	4116	2	4056
76.0	1	3945	2	3901
77.0	1	3777	2	3630
78.0	1	3431	2	3385
79.0	1	3367	0	3288
80.0	1	3105	0	3117
81.0	1	3019	0	2928
82.0	1	2803	0	2757
83.0	1	2590	0	2526
84.0	1	2479	0	2418
85.0	1	2306	0	2201
86.0	1	2034	1	2039
87.0	1	2030	1	1920
88.0	1	1968	0	1881
89.0	1	1692	0	1651
90.0	1	1648	1	1628
91.0	1	1560	1	1478
92.0	1	1359	1	1304
93.0	1	1274	1	1280
94.0	1	1279	1	1254
95.0	1	1186	1	1178
96.0	1	1119	1	1051
97.0	1	1025	0	964
98.0	1	906	1	923
99.0	1	947	1	919
100.0	1	866	0	803
101.0	0	810	0	779
102.0	0	773	0	748
103.0	0	710	1	697
104.0	0	699	1	670
105.0	0	616	0	611
106.0	0	601	0	584
107.0	0	581	0	568
108.0	0	512	0	536
109.0	0	535	1	529
110.0	0	537	0	492
111.0	0	502	0	464
112.0	0	510	0	504
113.0	0	460	0	466
114.0	0	459	0	439
115.0	0	398	0	402
116.0	0	410	0	401
117.0	0	388	0	372
118.0	0	406	0	378
119.0	0	382	0	400
120.0	0	367	0	355
121.0	0	396	0	408
122.0	0	368	1	362
123.0	0	351	1	329
124.0	0	363	1	353
125.0	0	323	0	314
126.0	0	335	0	323
127.0	0	328	0	326
128.0	0	301	0	326
129.0	0	325	0	313
130.0	0	321	0	313
131.0	0	346	0	322
132.0	0	309	0	305
133.0	0	282	0	296
134.0	0	308	0	276
135.0	0	279	0	273
136.0	0	280	0	280
137.0	0	264	0	275
138.0	0	288	0	284
139.0	0	253	0	250
140.0	0	279	0	256
141.0	0	264	0	235
142.0	0	230	0	217
143.0	0	240	0	263
144.0	0	221	0	221
145.0	0	248	0	249
146.0	0	218	0	241
147.0	0	262	0	240
148.0	0	223	0	238
149.0	0	245	0	202
150.0	0	229	0	216
151.0	0	205	0	209
152.0	0	197	0	231
153.0	0	209	0	199
154.0	0	203	0	225
155.0	0	231	0	229
156.0	0	229	0	198
157.0	0	209	0	187
158.0	0	194	0	189
159.0	0	205	0	222
160.0	0	199	0	204
161.0	0	221	1	190
162.0	0	198	0	211
163.0	0	181	0	185
164.0	0	208	0	203
165.0	0	210	0	191
166.0	0	182	0	185
167.0	0	166	0	168
168.0	0	196	1	183
169.0	0	189	0	168
170.0	0	160	0	156
171.0	0	161	0	188
172.0	0	181	0	138
173.0	0	169	0	169
174.0	0	154	0	154
175.0	0	139	0	151
176.0	0	151	0	156
177.0	0	167	0	150
178.0	0	148	0	145
179.0	0	171	0	152
180.0	0	153	0	145
181.0	0	129	0	126
182.0	0	145	0	153
183.0	0	135	0	139
184.0	0	149	0	133
185.0	0	135	0	123
186.0	0	129	0	115
187.0	0	125	0	133
188.0	0	153	1	122
189.0	0	111	0	125
190.0	0	128	0	139
191.0	0	152	0	128
192.0	0	113	0	128
193.0	0	130	0	120
194.0	0	120	0	119
195.0	0	109	0	117
196.0	0	112	0	125
197.0	0	109	0	113
198.0	0	106	0	125
199.0	0	115	0	101
200.0	0	112	0	110
201.0	0	112	0	104
202.0	0	106	0	99
203.0	0	118	0	112
204.0	0	101	0	102
205.0	0	99	0	107
206.0	0	114	0	115
207.0	0	103	0	96
208.0	0	113	0	99
209.0	0	99	0	102
210.0	0	114	0	104
211.0	0	109	0	97
212.0	0	102	0	106
213.0	0	109	0	100
214.0	0	92	0	95
215.0	0	84	0	92
216.0	0	77	0	90
217.0	0	86	0	91
218.0	0	106	0	98
219.0	0	105	0	101
220.0	0	97	0	83
221.0	0	102	0	93
222.0	0	74	0	97
223.0	0	85	0	91
224.0	0	94	0	80
225.0	0	88	0	72
226.0	0	86	0	92
227.0	0	95	0	95
228.0	0	69	0	96
229.0	0	85	0	82
230.0	0	88	0	82
231.0	0	91	0	82
232.0	0	77	0	80
233.0	0	98	0	80
234.0	0	81	0	85
235.0	0	64	0	62
236.0	0	64	0	77
237.0	0	85	0	87
238.0	0	107	0	81
239.0	0	60	0	59
240.0	0	74	0	77
241.0	0	83	0	80
242.0	0	80	0	77
243.0	0	74	0	71
244.0	0	73	0	76
245.0	0	67	0	65
246.0	0	78	0	80
247.0	0	74	0	67
248.0	0	76	0	77
249.0	0	61	0	58
250.0	0	65	0	67
251.0	0	78	0	71
252.0	0	58	0	69
253.0	0	63	0	61
254.0	0	75	0	65
255.0	0	69	0	70
256.0	0	68	0	61
257.0	0	56	0	69
258.0	0	56	0	64
259.0	0	67	0	59
260.0	0	62	0	69
261.0	0	61	0	60
262.0	0	63	0	57
263.0	0	79	0	62
264.0	0	64	0	51
265.0	0	59	0	55
266.0	0	72	0	54
267.0	0	56	0	60
268.0	0	58	0	68
269.0	0	59	0	44
270.0	0	52	0	57
271.0	0	60	0	60
272.0	0	54	0	67
273.0	0	50	0	49
274.0	0	57	0	47
275.0	0	61	0	66
276.0	0	62	0	56
277.0	0	55	0	59
278.0	0	52	0	47
279.0	0	51	0	49
280.0	0	57	0	61
281.0	0	51	0	61
282.0	0	57	0	51
283.0	0	55	0	47
284.0	0	59	0	50
285.0	0	59	0	46
286.0	0	45	0	62
287.0	0	49	0	42
288.0	0	46	0	43
289.0	0	42	0	54
290.0	0	49	0	53
291.0	0	56	0	44
292.0	0	55	0	50
293.0	0	44	0	50
294.0	0	37	0	43
295.0	0	43	0	55
296.0	0	59	0	54
297.0	0	52	0	68
298.0	0	52	0	39
299.0	0	44	0	44
300.0	0	46	0	50
301.0	0	50	1	50
302.0	0	51	0	39
303.0	0	40	0	41
304.0	0	47	0	35
305.0	0	49	0	51
306.0	0	40	0	45
307.0	0	44	0	45
308.0	0	36	0	53
309.0	0	48	0	43
310.0	0	51	0	49
311.0	0	54	0	51
312.0	0	38	0	39
313.0	0	63	0	51
314.0	0	53	0	53
315.0	0	49	0	47
316.0	0	41	0	45
317.0	0	43	0	39
318.0	0	45	0	34
319.0	0	34	0	35
320.0	0	38	0	38
321.0	0	36	0	35
322.0	0	44	0	34
323.0	0	37	0	38
324.0	0	44	0	41
325.0	0	43	0	41
326.0	0	29	0	31
327.0	0	44	0	25
328.0	0	32	0	42
329.0	0	40	0	46
330.0	0	28	0	30
331.0	0	37	0	38
332.0	0	37	0	42
333.0	0	52	0	35
334.0	0	27	0	38
335.0	0	32	0	30
336.0	0	34	0	34
337.0	0	31	0	31
338.0	0	35	0	34
339.0	0	30	0	38
340.0	0	30	0	46
341.0	0	32	0	37
342.0	0	44	0	36
343.0	0	33	0	32
344.0	0	37	0	39
345.0	0	45	0	47
346.0	0	47	0	40
347.0	0	45	0	45
348.0	0	42	0	35
349.0	0	44	0	30
350.0	0	37	0	26
351.0	0	37	0	37
352.0	0	25	0	39
353.0	0	37	0	32
354.0	0	37	0	28
355.0	0	33	0	27
356.0	0	38	0	26
357.0	0	20	0	28
358.0	0	24	0	36
359.0	0	32	0	35
360.0	0	30	0	30
361.0	0	34	0	34
362.0	0	25	0	29
363.0	0	31	0	29
364.0	0	25	0	37
365.0	0	33	0	30
366.0	0	23	0	31
367.0	0	40	0	28
368.0	0	31	0	26
369.0	0	32	0	35
370.0	0	39	0	30
371.0	0	35	0	32
372.0	0	24	0	15
373.0	0	33	0	39
374.0	0	27	0	31
375.0	0	26	0	34
376.0	0	34	0	21
377.0	0	27	0	32
378.0	0	31	0	35
379.0	0	26	0	25
380.0	0	30	0	36
381.0	0	42	0	25
382.0	0	15	0	26
383.0	0	22	0	24
384.0	0	37	0	36
385.0	0	31	0	27
386.0	0	16	0	12
387.0	0	29	0	32
388.0	0	32	0	31
389.0	0	34	0	28
390.0	0	29	0	20
391.0	0	22	0	27
392.0	0	17	0	24
393.0	0	26	0	33
394.0	0	26	0	28
395.0	0	37	0	26
396.0	0	18	0	26
397.0	0	29	0	27
398.0	0	25	0	27
399.0	0	37	0	22
400.0	0	20	0	25
401.0	0	27	0	36
402.0	0	29	0	32
403.0	0	26	0	22
404.0	0	23	0	20
405.0	0	27	0	25
406.0	0	20	0	37
407.0	0	30	0	22
408.0	0	33	0	20
409.0	0	31	0	19
410.0	0	15	0	21
411.0	0	20	0	22
412.0	0	19	0	19
413.0	0	26	0	20
414.0	0	26	0	20
415.0	0	23	0	22
416.0	0	21	0	20
417.0	0	19	0	24
418.0	0	26	0	22
419.0	0	23	0	38
420.0	0	24	0	23
421.0	0	23	0	21
422.0	0	19	0	28
423.0	0	26	0	16
424.0	0	21	0	22
425.0	0	18	0	24
426.0	0	18	0	19
427.0	0	26	0	22
428.0	0	22	0	27
429.0	0	29	0	22
430.0	0	30	0	32
431.0	0	14	0	9
432.0	0	22	0	20
433.0	0	24	0	20
434.0	0	15	0	25
435.0	0	19	0	25
436.0	0	21	0	17
437.0	0	23	0	19
438.0	0	25	0	16
439.0	0	26	0	18
440.0	0	23	0	24
441.0	0	23	0	26
442.0	0	13	0	19
443.0	0	26	0	17
444.0	0	15	0	26
445.0	0	32	0	17
446.0	0	22	0	25
447.0	0	19	0	22
448.0	0	14	0	19
449.0	0	22	0	26
450.0	0	22	0	22
451.0	0	16	0	13
452.0	0	23	0	27
453.0	0	28	0	18
454.0	0	26	0	25
455.0	0	20	0	16
456.0	0	20	0	18
457.0	0	15	0	23
458.0	0	23	0	18
459.0	0	12	0	21
460.0	0	15	0	14
461.0	0	28	0	22
462.0	0	21	0	13
463.0	0	16	0	26
464.0	0	15	0	16
465.0	0	20	0	9
466.0	0	24	0	18
467.0	0	11	0	22
468.0	0	20	0	20
469.0	0	19	0	14
470.0	0	17	0	19
471.0	0	22	0	18
472.0	0	14	0	17
473.0	0	17	0	20
474.0	0	21	0	21
475.0	0	26	0	18
476.0	0	19	0	11
477.0	0	19	0	11
478.0	0	12	0	14
479.0	0	18	0	14
480.0	0	14	0	14
481.0	0	14	0	20
482.0	0	18	0	10
483.0	0	8	0	23
484.0	0	19	0	22
485.0	0	19	0	16
486.0	0	15	0	16
487.0	0	15	0	21
488.0	0	18	0	22
489.0	0	19	0	20
490.0	0	15	0	13
491.0	0	17	0	14
492.0	0	15	0	18
493.0	0	10	0	14
494.0	0	10	0	16
495.0	0	19	0	16
496.0	0	19	0	15
497.0	0	19	0	19
498.0	0	23	0	11
499.0	0	9	0	20
500.0	0	20	0	13
501.0	0	13	0	22
502.0	0	11	0	19
503.0	0	20	0	18
504.0	0	26	0	15
505.0	0	15	0	14
506.0	0	17	0	12
507.0	0	21	0	14
508.0	0	11	0	17
509.0	0	16	0	21
510.0	0	17	0	13
511.0	0	13	0	12
512.0	0	17	0	18
513.0	0	16	0	14
514.0	0	12	0	18
515.0	0	21	0	12
516.0	0	18	0	20
517.0	0	15	0	16
518.0	0	15	0	18
519.0	0	20	0	16
520.0	0	18	0	13
521.0	0	16	0	19
522.0	0	11	0	13
523.0	0	12	0	14
524.0	0	9	0	14
525.0	0	19	0	15
526.0	0	17	0	21
527.0	0	11	0	12
528.0	0	15	0	22
529.0	0	13	0	11
530.0	0	22	0	15
531.0	0	13	0	15
532.0	0	13	0	14
533.0	0	19	0	18
534.0	0	17	0	15
535.0	0	17	0	14
536.0	0	20	0	16
537.0	0	16	0	13
538.0	0	14	0	16
539.0	0	13	0	11
540.0	0	21	0	22
541.0	0	14	0	21
542.0	0	13	0	15
543.0	0	11	0	12
544.0	0	15	0	12
545.0	0	14	0	18
546.0	0	12	0	10
547.0	0	9	0	14
548.0	0	16	0	12
549.0	0	12	0	16
550.0	0	13	0	11
551.0	0	15	0	10
552.0	0	10	0	11
553.0	0	15	0	17
554.0	0	16	0	9
555.0	0	15	0	12
556.0	0	10	0	15
557.0	0	8	0	13
558.0	0	16	0	9
559.0	0	23	0	12
560.0	0	14	0	19
561.0	0	9	0	12
562.0	0	10	0	9
563.0	0	12	0	13
564.0	0	11	0	14
565.0	0	17	0	20
566.0	0	15	0	9
567.0	0	14	0	15
568.0	0	15	0	20
569.0	0	13	0	19
570.0	0	9	0	11
571.0	0	16	0	9
572.0	0	12	0	13
573.0	0	13	0	11
574.0	0	13	0	15
575.0	0	14	0	12
576.0	0	11	0	11
577.0	0	17	0	14
578.0	0	10	0	13
579.0	0	9	0	7
580.0	0	13	0	8
581.0	0	9	0	8
582.0	0	8	0	9
583.0	0	8	0	13
584.0	0	15	0	10
585.0	0	9	0	16
586.0	0	12	0	19
587.0	0	14	0	4
588.0	0	10	0	11
589.0	0	17	0	10
590.0	0	18	0	16
591.0	0	11	0	17
592.0	0	16	0	12
593.0	0	16	0	21
594.0	0	9	0	10
595.0	0	11	0	8
596.0	0	7	0	13
597.0	0	11	0	9
598.0	0	16	0	8
599.0	0	13	0	11
600.0	0	10	0	10
601.0	0	10	0	12
602.0	0	8	0	10
603.0	0	15	0	13
604.0	0	8	0	12
605.0	0	16	0	11
606.0	0	12	0	12
607.0	0	14	0	8
608.0	0	4	0	12
609.0	0	19	0	7
610.0	0	8	0	6
611.0	0	12	0	8
612.0	0	8	0	12
613.0	0	13	0	10
614.0	0	10	0	10
615.0	0	15	0	8
616.0	0	7	0	10
617.0	0	9	0	6
618.0	0	13	0	19
619.0	0	7	0	7
620.0	0	6	0	11
621.0	0	9	0	7
622.0	0	8	0	15
623.0	0	5	0	16
624.0	0	9	0	9
625.0	0	13	0	9
626.0	0	16	0	8
627.0	0	11	0	19
628.0	0	11	0	7
629.0	0	10	0	8
630.0	0	15	0	11
631.0	0	9	0	11
632.0	0	7	0	14
633.0	0	6	0	11
634.0	0	12	0	10
635.0	0	12	0	9
636.0	0	14	0	7
637.0	0	13	0	8
638.0	0	9	0	11
639.0	0	15	0	12
640.0	0	12	0	9
641.0	0	8	0	9
642.0	0	9	0	8
643.0	0	9	0	11
644.0	0	6	0	5
645.0	0	16	0	12
646.0	0	5	0	5
647.0	0	10	0	9
648.0	0	9	0	5
649.0	0	6	0	9
650.0	0	5	0	11
651.0	0	9	0	11
652.0	0	13	0	8
653.0	0	9	0	8
654.0	0	4	0	5
655.0	0	5	0	11
656.0	0	5	0	10
657.0	0	9	0	11
658.0	0	11	0	9
659.0	0	15	0	6
660.0	0	7	0	6
661.0	0	8	0	3
662.0	0	8	0	10
663.0	0	5	0	11
664.0	0	12	0	9
665.0	0	9	0	6
666.0	0	7	0	11
667.0	0	11	0	7
668.0	0	9	0	11
669.0	0	8	0	11
670.0	0	12	0	8
671.0	0	8	0	6
672.0	0	7	0	7
673.0	0	6	0	6
674.0	0	10	0	7
675.0	0	4	0	9
676.0	0	9	0	5
677.0	0	9	0	8
678.0	0	7	0	8
679.0	0	8	0	6
680.0	0	5	0	5
681.0	0	5	0	7
682.0	0	9	0	8
683.0	0	9	0	12
684.0	0	9	0	5
685.0	0	2	0	8
686.0	0	6	0	6
687.0	0	6	0	9
688.0	0	13	0	10
689.0	0	6	0	6
690.0	0	7	0	4
691.0	0	7	0	6
692.0	0	10	0	9
693.0	0	7	0	5
694.0	0	6	0	10
695.0	0	6	0	3
696.0	0	8	0	3
697.0	0	7	0	7
698.0	0	5	0	4
699.0	0	12	0	6
700.0	0	7	0	7
701.0	0	3	0	3
702.0	0	5	0	7
703.0	0	9	0	11
704.0	0	6	0	5
705.0	0	2	0	9
706.0	0	8	0	9
707.0	0	4	0	9
708.0	0	11	0	10
709.0	0	5	0	13
710.0	0	5	0	9
711.0	0	9	0	13
712.0	0	12	0	7
713.0	0	8	0	5
714.0	0	8	0	4
715.0	0	4	0	8
716.0	0	10	0	5
717.0	0	6	0	9
718.0	0	13	0	8
719.0	0	10	0	10
720.0	0	5	0	8
721.0	0	8	0	7
722.0	0	8	0	8
723.0	0	4	0	12
724.0	0	6	0	6
725.0	0	11	0	1
726.0	0	4	0	10
727.0	0	14	0	8
728.0	0	6	0	9
729.0	0	13	0	7
730.0	0	6	0	4
731.0	0	4	0	9
732.0	0	7	0	3
733.0	0	6	0	9
734.0	0	4	0	5
735.0	0	9	0	7
736.0	0	5	0	5
737.0	0	3	0	8
738.0	0	4	0	9
739.0	0	2	0	11
740.0	0	6	0	2
741.0	0	9	0	8
742.0	0	5	0	9
743.0	0	10	0	8
744.0	0	18	0	4
745.0	0	6	0	4
746.0	0	10	0	4
747.0	0	7	0	7
748.0	0	3	0	6
749.0	0	9	0	7
750.0	0	9	0	11
751.0	0	7	0	7
752.0	0	9	0	5
753.0	0	9	0	7
754.0	0	7	0	6
755.0	0	6	0	7
756.0	0	6	0	6
757.0	0	8	0	6
758.0	0	5	0	5
759.0	0	6	0	11
760.0	0	2	0	5
761.0	0	9	0	6
762.0	0	3	0	5
763.0	0	7	0	5
764.0	0	2	0	5
765.0	0	6	0	3
766.0	0	2	0	6
767.0	0	8	0	7
768.0	0	5	0	9
769.0	0	6	0	8
770.0	0	8	0	3
771.0	0	6	0	9
772.0	0	8	0	8
773.0	0	7	0	3
774.0	0	8	0	5
775.0	0	9	0	3
776.0	0	7	0	4
777.0	0	4	0	4
778.0	0	1	0	7
779.0	0	4	0	5
780.0	0	6	0	9
781.0	0	6	0	7
782.0	0	6	0	3
783.0	0	8	0	5
784.0	0	11	0	7
785.0	0	5	0	5
786.0	0	4	0	7
787.0	0	2	0	2
788.0	0	6	0	5
789.0	0	7	0	9
790.0	0	5	0	7
791.0	0	4	0	4
792.0	0	3	0	3
793.0	0	7	0	7
794.0	0	5	0	5
795.0	0	9	0	5
796.0	0	3	0	7
797.0	0	4	0	4
798.0	0	11	0	2
799.0	0	3	0	8
800.0	0	4	0	5
801.0	0	7	0	10
802.0	0	4	0	1
803.0	0	4	0	5
804.0	0	5	0	2
805.0	0	3	0	8
806.0	0	6	0	3
807.0	0	5	0	8
808.0	0	7	0	3
809.0	0	5	0	7
810.0	0	3	0	9
811.0	0	8	0	2
812.0	0	2	0	5
813.0	0	3	0	5
814.0	0	4	0	3
815.0	0	4	0	6
816.0	0	6	0	2
817.0	0	9	0	6
818.0	0	6	0	8
819.0	0	5	0	8
820.0	0	6	0	4
821.0	0	3	0	0
822.0	0	5	0	5
823.0	0	3	0	6
824.0	0	5	0	7
825.0	0	3	0	5
826.0	0	9	0	8
827.0	0	2	0	6
828.0	0	3	0	2
829.0	0	5	0	4
830.0	0	6	0	7
831.0	0	5	0	1
832.0	0	6	0	6
833.0	0	10	0	4
834.0	0	2	0	6
835.0	0	6	0	3
836.0	0	5	0	9
837.0	0	8	0	5
838.0	0	4	0	4
839.0	0	4	0	5
840.0	0	7	0	5
841.0	0	4	0	8
842.0	0	4	0	2
843.0	0	3	0	3
844.0	0	4	0	1
845.0	0	6	0	3
846.0	0	4	0	4
847.0	0	7	0	5
848.0	0	3	0	5
849.0	0	6	0	8
850.0	0	4	0	9
851.0	0	5	0	5
852.0	0	1	0	9
853.0	0	5	0	5
854.0	0	6	0	10
855.0	0	7	0	4
856.0	0	2	0	7
857.0	0	5	0	6
858.0	0	5	0	2
859.0	0	9	0	5
860.0	0	11	0	8
861.0	0	5	0	9
862.0	0	3	0	2
863.0	0	2	0	5
864.0	0	7	0	5
865.0	0	7	0	5
866.0	0	6	0	5
867.0	0	4	0	6
868.0	0	9	0	6
869.0	0	6	0	3
870.0	0	5	0	5
871.0	0	4	0	6
872.0	0	5	0	5
873.0	0	8	0	5
874.0	0	4	0	7
875.0	0	6	0	4
876.0	0	4	0	3
877.0	0	6	0	4
878.0	0	7	0	4
879.0	0	1	0	5
880.0	0	7	0	2
881.0	0	4	0	10
882.0	0	3	0	6
883.0	0	6	0	7
884.0	0	6	0	2
885.0	0	5	0	1
886.0	0	3	0	6
887.0	0	4	0	4
888.0	0	8	0	3
889.0	0	5	0	4
890.0	0	3	0	4
891.0	0	7	0	4
892.0	0	3	0	1
893.0	0	2	0	4
894.0	0	3	0	3
895.0	0	4	0	3
896.0	0	5	0	1
897.0	0	4	0	6
898.0	0	4	0	6
899.0	0	2	0	3
900.0	0	4	0	8
901.0	0	6	0	2
902.0	0	2	0	5
903.0	0	3	0	3
904.0	0	1	0	9
905.0	0	3	0	4
906.0	0	4	0	5
907.0	0	4	0	7
908.0	0	7	0	4
909.0	0	4	0	7
910.0	0	2	0	3
911.0	0	8	0	6
912.0	0	4	0	10
913.0	0	4	0	3
914.0	0	4	0	7
915.0	0	6	0	4
916.0	0	4	0	5
917.0	0	11	0	5
918.0	0	8	0	3
919.0	0	2	0	7
920.0	0	8	0	1
921.0	0	7	0	4
922.0	0	3	0	4
923.0	0	6	0	4
924.0	0	5	0	5
925.0	0	8	0	7
926.0	0	5	0	5
927.0	0	8	0	7
928.0	0	2	0	2
929.0	0	3	0	2
930.0	0	5	0	3
931.0	0	6	0	3
932.0	0	6	0	3
933.0	0	2	0	5
934.0	0	4	0	4
935.0	0	2	0	4
936.0	0	4	0	5
937.0	0	6	0	1
938.0	0	2	0	2
939.0	0	4	0	2
940.0	0	5	0	6
941.0	0	4	0	7
942.0	0	2	0	1
943.0	0	0	0	5
944.0	0	3	0	4
945.0	0	1	0	1
946.0	0	2	0	3
947.0	0	7	0	3
948.0	0	3	0	3
949.0	0	2	0	3
950.0	0	2	0	5
951.0	0	4	0	3
952.0	0	2	0	4
953.0	0	3	0	8
954.0	0	3	0	2
955.0	0	6	0	5
956.0	0	9	0	3
957.0	0	2	0	4
958.0	0	6	0	2
959.0	0	7	0	2
960.0	0	4	0	4
961.0	0	2	0	1
962.0	0	3	0	2
963.0	0	5	0	5
964.0	0	1	0	5
965.0	0	5	0	5
966.0	0	1	0	6
967.0	0	2	0	2
968.0	0	4	0	5
969.0	0	3	0	3
970.0	0	3	0	2
971.0	0	2	0	5
972.0	0	8	0	1
973.0	0	4	0	2
974.0	0	2	0	5
975.0	0	6	0	4
976.0	0	4	0	5
977.0	0	4	0	0
978.0	0	2	0	4
979.0	0	5	0	4
980.0	0	4	0	4
981.0	0	2	0	4
982.0	0	2	0	5
983.0	0	4	0	7
984.0	0	3	0	4
985.0	0	3	0	4
986.0	0	4	0	1
987.0	0	6	0	4
988.0	0	3	0	5
989.0	0	1	0	2
990.0	0	3	0	2
991.0	0	8	0	5
992.0	0	3	0	2
993.0	0	4	0	8
994.0	0	4	0	0
995.0	0	5	0	3
996.0	0	3	0	5
997.0	0	4	0	7
998.0	0	2	0	5
999.0	0	2	0	3
1000.0	0	5	0	6
1001.0	0	5	0	3
1002.0	0	3	0	4
1003.0	0	5	0	1
1004.0	0	2	0	1
1005.0	0	2	0	5
1006.0	0	3	0	3
1007.0	0	5	0	0
1008.0	0	4	0	2
1009.0	0	3	0	2
1010.0	0	4	0	5
1011.0	0	4	0	1
1012.0	0	6	0	3
1013.0	0	3	0	1
1014.0	0	1	0	4
1015.0	0	5	0	5
1016.0	0	2	0	2
1017.0	0	3	0	2
1018.0	0	2	0	3
1019.0	0	1	0	5
1020.0	0	4	0	2
1021.0	0	5	0	2
1022.0	0	1	0	4
1023.0	0	4	0	10
1024.0	0	2	0	4
1025.0	0	3	0	2
1026.0	0	4	0	7
1027.0	0	5	0	1
1028.0	0	4	0	3
1029.0	0	2	0	2
1030.0	0	2	0	0
1031.0	0	5	0	4
1032.0	0	4	0	2
1033.0	0	1	0	2
1034.0	0	3	0	1
1035.0	0	2	0	2
1036.0	0	2	0	4
1037.0	0	1	0	0
1038.0	0	0	0	1
1039.0	0	2	0	2
1040.0	0	2	0	2
1041.0	0	2	0	4
1042.0	0	3	0	2
1043.0	0	3	0	4
1044.0	0	5	0	4
1045.0	0	4	0	1
1046.0	0	0	0	5
1047.0	0	6	0	1
1048.0	0	3	0	5
1049.0	0	0	0	3
1050.0	0	6	0	2
1051.0	0	3	0	4
1052.0	0	3	0	2
1053.0	0	2	0	0
1054.0	0	2	0	3
1055.0	0	1	0	2
1056.0	0	3	0	2
1057.0	0	2	0	2
1058.0	0	3	0	3
1059.0	0	0	0	4
1060.0	0	3	0	4
1061.0	0	0	0	4
1062.0	0	1	0	2
1063.0	0	4	0	1
1064.0	0	3	0	5
1065.0	0	5	0	5
1066.0	0	2	0	0
1067.0	0	1	0	4
1068.0	0	1	0	2
1069.0	0	2	0	4
1070.0	0	5	0	1
1071.0	0	2	0	6
1072.0	0	6	0	4
1073.0	0	4	0	1
1074.0	0	1	0	4
1075.0	0	5	0	3
1076.0	0	4	0	10
1077.0	0	9	0	5
1078.0	0	2	0	4
1079.0	0	5	0	2
1080.0	0	9	0	1
1081.0	0	3	0	4
1082.0	0	3	0	3
1083.0	0	1	0	1
1084.0	0	1	0	3
1085.0	0	1	0	6
1086.0	0	2	0	4
1087.0	0	3	0	6
1088.0	0	3	0	2
1089.0	0	1	0	3
1090.0	0	3	0	1
1091.0	0	5	0	2
1092.0	0	5	0	1
1093.0	0	3	0	4
1094.0	0	6	0	3
1095.0	0	2	0	2
1096.0	0	5	0	4
1097.0	0	1	0	1
1098.0	0	2	0	5
1099.0	0	3	0	0
1100.0	0	2	0	2
1101.0	0	1	0	4
1102.0	0	3	0	4
1103.0	0	4	0	4
1104.0	0	5	0	3
1105.0	0	2	0	3
1106.0	0	3	0	1
1107.0	0	3	0	1
1108.0	0	3	0	5
1109.0	0	6	0	5
1110.0	0	7	0	0
1111.0	0	1	0	6
1112.0	0	2	0	2
1113.0	0	3	0	2
1114.0	0	0	0	2
1115.0	0	0	0	1
1116.0	0	4	0	2
1117.0	0	4	0	0
1118.0	0	3	0	3
1119.0	0	3	0	1
1120.0	0	2	0	0
1121.0	0	1	0	0
1122.0	0	4	0	3
1123.0	0	1	0	3
1124.0	0	2	0	0
1125.0	0	1	0	1
1126.0	0	4	0	4
1127.0	0	2	0	2
1128.0	0	1	0	4
1130.0	0	2	0	1
1131.0	0	4	0	2
1132.0	0	1	0	3
1133.0	0	1	0	2
1134.0	0	2	0	1
1135.0	0	2	0	2
1136.0	0	3	0	3
1137.0	0	0	0	7
1138.0	0	3	0	3
1139.0	0	2	0	0
1140.0	0	2	0	2
1141.0	0	2	0	4
1142.0	0	0	0	5
1144.0	0	0	0	1
1145.0	0	1	0	0
1146.0	0	5	0	2
1147.0	0	3	0	3
1148.0	0	2	0	4
1149.0	0	2	0	5
1150.0	0	0	0	4
1151.0	0	2	0	2
1152.0	0	4	0	1
1153.0	0	1	0	2
1154.0	0	5	0	5
1155.0	0	0	0	1
1156.0	0	5	0	0
1157.0	0	8	0	3
1158.0	0	2	0	1
1159.0	0	4	0	1
1160.0	0	2	0	3
1161.0	0	2	0	1
1162.0	0	2	0	2
1163.0	0	4	0	1
1164.0	0	0	0	2
1165.0	0	4	0	1
1166.0	0	1	0	0
1167.0	0	2	0	2
1168.0	0	1	0	4
1169.0	0	1	0	2
1170.0	0	1	0	2
1171.0	0	2	0	0
1172.0	0	0	0	2
1173.0	0	4	0	3
1174.0	0	3	0	3
1175.0	0	1	0	2
1176.0	0	1	0	1
1177.0	0	1	0	2
1178.0	0	2	0	3
1179.0	0	2	0	0
1180.0	0	1	0	3
1181.0	0	2	0	0
1182.0	0	2	0	1
1183.0	0	4	0	0
1184.0	0	6	0	2
1185.0	0	2	0	3
1186.0	0	2	0	2
1188.0	0	1	0	1
1189.0	0	1	0	3
1190.0	0	2	0	2
1191.0	0	0	0	4
1192.0	0	3	0	4
1193.0	0	3	0	2
1194.0	0	3	0	7
1195.0	0	2	0	2
1196.0	0	1	0	6
1197.0	0	4	0	2
1198.0	0	3	0	2
1200.0	0	3	0	2
1201.0	0	4	0	3
1202.0	0	1	0	3
1203.0	0	4	0	3
1204.0	0	3	0	2
1205.0	0	1	0	0
1206.0	0	2	0	4
1207.0	0	3	0	0
1208.0	0	1	0	3
1209.0	0	3	0	3
1210.0	0	2	0	6
1211.0	0	3	0	2
1212.0	0	2	0	1
1213.0	0	1	0	1
1214.0	0	2	0	1
1215.0	0	1	0	3
1216.0	0	3	0	2
1217.0	0	1	0	2
1218.0	0	6	0	1
1219.0	0	0	0	1
1220.0	0	0	0	2
1221.0	0	4	0	1
1222.0	0	3	0	2
1223.0	0	3	0	0
1224.0	0	2	0	2
1225.0	0	2	0	1
1226.0	0	3	0	2
1227.0	0	1	0	2
1228.0	0	2	0	2
1229.0	0	1	0	2
1230.0	0	1	0	3
1231.0	0	5	0	1
1232.0	0	1	0	2
1233.0	0	0	0	2
1234.0	0	2	0	0
1235.0	0	2	0	3
1236.0	0	1	0	3
1237.0	0	2	0	0
1238.0	0	2	0	3
1239.0	0	3	0	1
1240.0	0	2	0	1
1241.0	0	2	0	5
1242.0	0	0	0	2
1243.0	0	3	0	1
1244.0	0	0	0	1
1245.0	0	2	0	2
1246.0	0	1	0	3
1247.0	0	3	0	2
1248.0	0	2	0	0
1249.0	0	1	0	3
1250.0	0	1	0	1
1251.0	0	1	0	0
1252.0	0	2	0	2
1253.0	0	3	0	2
1254.0	0	1	0	3
1255.0	0	1	0	2
1256.0	0	3	0	3
1257.0	0	2	0	4
1258.0	0	0	0	4
1259.0	0	2	0	0
1260.0	0	0	0	2
1261.0	0	1	0	5
1262.0	0	2	0	1
1263.0	0	2	0	1
1264.0	0	3	0	0
1265.0	0	3	0	3
1266.0	0	2	0	2
1267.0	0	1	0	5
1268.0	0	2	0	1
1269.0	0	2	0	3
1270.0	0	2	0	1
1271.0	0	2	0	1
1272.0	0	2	0	2
1273.0	0	7	0	0
1274.0	0	1	0	2
1275.0	0	2	0	3
1276.0	0	1	0	3
1277.0	0	1	0	1
1278.0	0	3	0	0
1279.0	0	5	0	0
1280.0	0	3	0	0
1281.0	0	1	0	1
1282.0	0	1	0	2
1283.0	0	0	0	1
1284.0	0	3	0	3
1285.0	0	3	0	3
1286.0	0	1	0	0
1287.0	0	1	0	0
1288.0	0	1	0	0
1289.0	0	1	0	2
1290.0	0	1	0	2
1291.0	0	1	0	0
1292.0	0	1	0	1
1293.0	0	1	0	3
1294.0	0	1	0	3
1295.0	0	1	0	0
1297.0	0	1	0	2
1298.0	0	2	0	0
1299.0	0	2	0	2
1300.0	0	3	0	2
1301.0	0	2	0	1
1302.0	0	0	0	3
1303.0	0	2	0	1
1304.0	0	0	0	3
1305.0	0	1	0	2
1306.0	0	5	0	3
1307.0	0	2	0	2
1308.0	0	1	0	2
1309.0	0	2	0	1
1310.0	0	1	0	1
1311.0	0	5	0	2
1312.0	0	1	0	1
1314.0	0	1	0	3
1315.0	0	0	0	3
1316.0	0	0	0	1
1317.0	0	2	0	1
1318.0	0	4	0	1
1319.0	0	1	0	1
1320.0	0	1	0	1
1321.0	0	1	0	1
1322.0	0	0	0	3
1323.0	0	2	0	2
1324.0	0	2	0	1
1325.0	0	0	0	1
1326.0	0	1	0	0
1327.0	0	2	0	1
1328.0	0	4	0	3
1329.0	0	2	0	0
1330.0	0	2	0	1
1331.0	0	2	0	0
1332.0	0	1	0	2
1333.0	0	1	0	0
1334.0	0	0	0	2
1335.0	0	2	0	1
1336.0	0	2	0	0
1337.0	0	3	0	1
1338.0	0	0	0	4
1339.0	0	0	0	4
1340.0	0	1	0	3
1341.0	0	3	0	0
1342.0	0	2	0	2
1343.0	0	1	0	2
1344.0	0	1	0	2
1345.0	0	0	0	1
1346.0	0	1	0	1
1347.0	0	2	0	0
1348.0	0	1	0	1
1349.0	0	3	0	2
1350.0	0	0	0	4
1351.0	0	1	0	1
1352.0	0	2	0	1
1353.0	0	2	0	1
1354.0	0	1	0	0
1355.0	0	1	0	1
1356.0	0	2	0	1
1357.0	0	1	0	5
1358.0	0	5	0	1
1360.0	0	3	0	2
1361.0	0	1	0	0
1362.0	0	2	0	0
1363.0	0	0	0	3
1364.0	0	2	0	3
1365.0	0	0	0	3
1366.0	0	2	0	3
1367.0	0	2	0	1
1368.0	0	3	0	0
1369.0	0	3	0	1
1370.0	0	4	0	1
1371.0	0	0	0	1
1373.0	0	0	0	1
1374.0	0	0	0	1
1375.0	0	2	0	1
1376.0	0	2	0	2
1378.0	0	0	0	2
1379.0	0	0	0	2
1380.0	0	3	0	0
1381.0	0	3	0	0
1382.0	0	1	0	1
1383.0	0	0	0	1
1384.0	0	0	0	2
1385.0	0	2	0	1
1387.0	0	1	0	1
1388.0	0	0	0	2
1389.0	0	1	0	0
1390.0	0	0	0	2
1391.0	0	2	0	2
1393.0	0	1	0	1
1394.0	0	4	0	1
1396.0	0	1	0	1
1397.0	0	1	0	0
1398.0	0	1	0	1
1399.0	0	3	0	2
1400.0	0	1	0	2
1401.0	0	2	0	0
1402.0	0	1	0	2
1403.0	0	2	0	1
1404.0	0	1	0	1
1405.0	0	0	0	2
1406.0	0	1	0	1
1407.0	0	0	0	2
1408.0	0	0	0	1
1409.0	0	2	0	1
1410.0	0	1	0	3
1411.0	0	3	0	1
1413.0	0	1	0	2
1415.0	0	0	0	2
1417.0	0	1	0	1
1418.0	0	2	0	2
1419.0	0	1	0	0
1420.0	0	1	0	2
1421.0	0	1	0	1
1423.0	0	2	0	1
1424.0	0	2	0	1
1425.0	0	1	0	1
1426.0	0	2	0	1
1427.0	0	1	0	1
1428.0	0	1	0	1
1429.0	0	3	0	0
1430.0	0	3	0	2
1431.0	0	0	0	1
1432.0	0	0	0	1
1433.0	0	1	0	1
1434.0	0	2	0	1
1435.0	0	0	0	1
1436.0	0	1	0	0
1437.0	0	0	0	3
1438.0	0	1	0	1
1439.0	0	1	0	1
1440.0	0	1	0	2
1441.0	0	3	0	0
1443.0	0	2	0	2
1444.0	0	2	0	2
1445.0	0	0	0	2
1446.0	0	2	0	1
1447.0	0	2	0	1
1448.0	0	1	0	1
1450.0	0	1	0	0
1451.0	0	2	0	1
1452.0	0	0	0	1
1453.0	0	1	0	2
1454.0	0	2	0	1
1455.0	0	2	0	3
1457.0	0	1	0	2
1459.0	0	1	0	2
1460.0	0	1	0	2
1461.0	0	1	0	2
1462.0	0	3	0	2
1463.0	0	1	0	0
1464.0	0	2	0	1
1465.0	0	0	0	3
1466.0	0	1	0	2
1467.0	0	0	0	2
1468.0	0	0	0	3
1469.0	0	1	0	0
1470.0	0	2	0	1
1471.0	0	3	0	1
1472.0	0	1	0	1
1473.0	0	4	0	0
1474.0	0	2	0	1
1475.0	0	1	0	0
1476.0	0	2	0	1
1477.0	0	1	0	1
1478.0	0	2	0	1
1479.0	0	2	0	0
1481.0	0	1	0	4
1482.0	0	1	0	1
1483.0	0	1	0	1
1485.0	0	1	0	1
1486.0	0	0	0	1
1487.0	0	2	0	2
1488.0	0	1	0	0
1489.0	0	2	0	3
1490.0	0	1	0	2
1491.0	0	1	0	2
1492.0	0	1	0	0
1493.0	0	1	0	3
1494.0	0	2	0	1
1495.0	0	2	0	1
1496.0	0	0	0	2
1497.0	0	2	0	2
1499.0	0	1	0	2
1500.0	0	0	0	2
1501.0	0	1	0	0
1502.0	0	3	0	2
1503.0	0	1	0	0
1504.0	0	1	0	0
1505.0	0	2	0	1
1506.0	0	2	0	1
1507.0	0	2	0	1
1508.0	0	2	0	2
1510.0	0	1	0	2
1511.0	0	1	0	0
1512.0	0	1	0	0
1513.0	0	1	0	0
1514.0	0	3	0	1
1515.0	0	1	0	0
1516.0	0	0	0	2
1517.0	0	0	0	1
1518.0	0	0	0	1
1519.0	0	0	0	1
1520.0	0	0	0	1
1521.0	0	1	0	2
1522.0	0	2	0	1
1523.0	0	1	0	1
1524.0	0	2	0	3
1525.0	0	1	0	3
1527.0	0	2	0	2
1528.0	0	3	0	0
1529.0	0	2	0	1
1531.0	0	2	0	2
1532.0	0	0	0	2
1533.0	0	0	0	1
1534.0	0	1	0	4
1535.0	0	3	0	2
1536.0	0	0	0	1
1538.0	0	0	0	1
1539.0	0	4	0	1
1540.0	0	0	0	3
1541.0	0	0	0	2
1542.0	0	1	0	1
1543.0	0	1	0	2
1544.0	0	3	0	1
1545.0	0	1	0	1
1546.0	0	0	0	1
1547.0	0	1	0	0
1549.0	0	3	0	2
1550.0	0	3	0	2
1551.0	0	1	0	1
1552.0	0	0	0	1
1553.0	0	1	0	0
1554.0	0	0	0	1
1555.0	0	1	0	1
1556.0	0	0	0	2
1557.0	0	2	0	0
1559.0	0	3	0	0
1560.0	0	0	0	1
1561.0	0	4	0	0
1562.0	0	0	0	4
1563.0	0	0	0	1
1564.0	0	0	0	2
1565.0	0	0	0	3
1566.0	0	1	0	1
1567.0	0	1	0	1
1568.0	0	1	0	1
1569.0	0	0	0	3
1571.0	0	5	0	1
1572.0	0	1	0	0
1573.0	0	2	0	3
1574.0	0	1	0	1
1575.0	0	1	0	0
1576.0	0	1	0	0
1577.0	0	2	0	0
1578.0	0	3	0	3
1579.0	0	2	0	1
1581.0	0	1	0	3
1583.0	0	3	0	2
1584.0	0	3	0	2
1587.0	0	1	0	0
1589.0	0	0	0	2
1590.0	0	2	0	2
1591.0	0	2	0	2
1592.0	0	1	0	0
1593.0	0	3	0	2
1595.0	0	2	0	1
1597.0	0	0	0	1
1598.0	0	2	0	0
1599.0	0	3	0	0
1601.0	0	2	0	2
1602.0	0	1	0	2
1603.0	0	1	0	0
1604.0	0	2	0	1
1605.0	0	0	0	1
1607.0	0	1	0	1
1608.0	0	1	0	2
1611.0	0	1	0	0
1612.0	0	1	0	1
1613.0	0	0	0	1
1614.0	0	0	0	2
1615.0	0	1	0	1
1616.0	0	1	0	2
1617.0	0	1	0	0
1618.0	0	3	0	0
1619.0	0	0	0	1
1620.0	0	2	0	0
1621.0	0	0	0	2
1622.0	0	2	0	1
1623.0	0	0	0	1
1625.0	0	0	0	1
1627.0	0	1	0	0
1628.0	0	1	0	3
1629.0	0	1	0	2
1630.0	0	0	0	1
1631.0	0	1	0	1
1632.0	0	3	0	3
1634.0	0	1	0	1
1635.0	0	0	0	1
1636.0	0	2	0	0
1638.0	0	1	0	1
1639.0	0	2	0	1
1640.0	0	2	0	0
1641.0	0	2	0	1
1642.0	0	2	0	3
1643.0	0	0	0	2
1644.0	0	3	0	0
1645.0	0	0	0	1
1647.0	0	0	0	1
1648.0	0	1	0	2
1649.0	0	2	0	4
1650.0	0	1	0	2
1651.0	0	1	0	1
1652.0	0	2	0	0
1654.0	0	0	0	1
1655.0	0	1	0	1
1657.0	0	1	0	0
1658.0	0	0	0	1
1659.0	0	1	0	1
1660.0	0	1	0	0
1661.0	0	1	0	1
1662.0	0	1	0	1
1663.0	0	0	0	1
1664.0	0	3	0	0
1665.0	0	2	0	0
1666.0	0	1	0	1
1667.0	0	2	0	0
1670.0	0	0	0	2
1671.0	0	2	0	2
1672.0	0	1	0	0
1673.0	0	1	0	4
1674.0	0	0	0	2
1676.0	0	2	0	1
1677.0	0	0	0	1
1678.0	0	0	0	4
1679.0	0	2	0	3
1680.0	0	1	0	0
1681.0	0	2	0	2
1682.0	0	1	0	3
1683.0	0	1	0	1
1684.0	0	1	0	3
1687.0	0	3	0	1
1688.0	0	2	0	0
1690.0	0	1	0	1
1691.0	0	1	0	1
1692.0	0	2	0	2
1693.0	0	2	0	0
1694.0	0	2	0	0
1695.0	0	2	0	0
1697.0	0	1	0	1
1698.0	0	1	0	7
1699.0	0	1	0	1
1700.0	0	1	0	1
1701.0	0	1	0	0
1702.0	0	1	0	0
1703.0	0	1	0	1
1704.0	0	1	0	3
1705.0	0	0	0	4
1706.0	0	0	0	1
1707.0	0	2	0	1
1708.0	0	0	0	1
1709.0	0	2	0	1
1710.0	0	1	0	0
1711.0	0	4	0	1
1712.0	0	3	0	0
1714.0	0	1	0	2
1715.0	0	2	0	1
1716.0	0	2	0	0
1718.0	0	2	0	1
1719.0	0	0	0	2
1721.0	0	2	0	1
1723.0	0	1	0	0
1724.0	0	1	0	1
1725.0	0	1	0	0
1726.0	0	0	0	1
1727.0	0	2	0	2
1728.0	0	0	0	1
1730.0	0	2	0	3
1732.0	0	1	0	1
1733.0	0	0	0	1
1734.0	0	3	0	0
1736.0	0	0	0	2
1737.0	0	1	0	1
1738.0	0	1	0	2
1739.0	0	2	0	1
1741.0	0	1	0	1
1743.0	0	1	0	1
1745.0	0	2	0	0
1747.0	0	0	0	2
1748.0	0	2	0	1
1749.0	0	1	0	0
1750.0	0	1	0	1
1751.0	0	1	0	2
1752.0	0	2	0	1
1753.0	0	0	0	2
1754.0	0	2	0	2
1755.0	0	1	0	0
1756.0	0	3	0	1
1757.0	0	1	0	0
1758.0	0	0	0	1
1760.0	0	2	0	1
1761.0	0	2	0	0
1762.0	0	0	0	1
1763.0	0	0	0	2
1765.0	0	1	0	0
1766.0	0	0	0	1
1767.0	0	1	0	2
1768.0	0	0	0	1
1770.0	0	2	0	0
1772.0	0	2	0	0
1773.0	0	1	0	2
1774.0	0	2	0	0
1776.0	0	0	0	1
1777.0	0	0	0	2
1778.0	0	1	0	2
1780.0	0	1	0	0
1781.0	0	1	0	0
1784.0	0	1	0	1
1785.0	0	0	0	1
1786.0	0	2	0	2
1787.0	0	1	0	2
1788.0	0	0	0	3
1789.0	0	0	0	1
1790.0	0	1	0	1
1792.0	0	0	0	1
1793.0	0	3	0	0
1794.0	0	0	0	1
1795.0	0	2	0	1
1796.0	0	1	0	2
1798.0	0	2	0	1
1800.0	0	3	0	2
1801.0	0	0	0	1
1802.0	0	1	0	0
1804.0	0	2	0	1
1805.0	0	3	0	0
1806.0	0	1	0	1
1808.0	0	1	0	1
1809.0	0	1	0	2
1811.0	0	3	0	1
1812.0	0	1	0	0
1814.0	0	0	0	1
1815.0	0	0	0	2
1816.0	0	0	0	2
1817.0	0	3	0	1
1818.0	0	1	0	0
1820.0	0	0	0	2
1821.0	0	2	0	2
1822.0	0	2	0	0
1823.0	0	2	0	2
1824.0	0	0	0	1
1826.0	0	1	0	0
1828.0	0	0	0	1
1830.0	0	1	0	2
1832.0	0	1	0	0
1833.0	0	2	0	1
1834.0	0	3	0	1
1835.0	0	2	0	2
1836.0	0	1	0	2
1837.0	0	0	0	3
1838.0	0	1	0	1
1839.0	0	0	0	1
1840.0	0	1	0	0
1841.0	0	1	0	0
1842.0	0	1	0	1
1844.0	0	1	0	1
1845.0	0	1	0	0
1846.0	0	1	0	1
1847.0	0	1	0	0
1848.0	0	1	0	0
1849.0	0	1	0	3
1851.0	0	0	0	1
1854.0	0	0	0	1
1855.0	0	2	0	1
1856.0	0	1	0	1
1857.0	0	2	0	0
1858.0	0	0	0	2
1859.0	0	1	0	0
1860.0	0	1	0	0
1861.0	0	0	0	2
1862.0	0	1	0	1
1863.0	0	0	0	1
1864.0	0	1	0	1
1865.0	0	0	0	1
1866.0	0	1	0	0
1870.0	0	2	0	0
1872.0	0	2	0	0
1875.0	0	2	0	0
1877.0	0	2	0	1
1878.0	0	1	0	0
1879.0	0	1	0	0
1880.0	0	0	0	1
1881.0	0	0	0	1
1885.0	0	1	0	2
1886.0	0	0	0	1
1888.0	0	2	0	0
1891.0	0	2	0	0
1892.0	0	1	0	1
1896.0	0	0	0	1
1899.0	0	2	0	1
1900.0	0	0	0	1
1901.0	0	0	0	4
1904.0	0	0	0	1
1906.0	0	0	0	1
1907.0	0	1	0	0
1910.0	0	1	0	2
1911.0	0	1	0	3
1912.0	0	1	0	1
1913.0	0	1	0	0
1914.0	0	1	0	2
1915.0	0	1	0	1
1916.0	0	0	0	1
1917.0	0	0	0	1
1918.0	0	0	0	1
1920.0	0	2	0	0
1921.0	0	2	0	0
1922.0	0	0	0	1
1923.0	0	1	0	2
1925.0	0	2	0	1
1926.0	0	2	0	2
1927.0	0	1	0	0
1928.0	0	0	0	1
1929.0	0	1	0	1
1932.0	0	3	0	2
1933.0	0	1	0	0
1935.0	0	2	0	0
1937.0	0	1	0	0
1938.0	0	0	0	1
1939.0	0	0	0	1
1940.0	0	1	0	0
1941.0	0	1	0	0
1942.0	0	1	0	1
1943.0	0	1	0	0
1946.0	0	1	0	1
1948.0	0	0	0	1
1950.0	0	0	0	2
1951.0	0	1	0	1
1952.0	0	1	0	2
1953.0	0	1	0	5
1955.0	0	0	0	2
1956.0	0	1	0	1
1957.0	0	1	0	0
1958.0	0	1	0	0
1959.0	0	2	0	1
1960.0	0	1	0	0
1962.0	0	1	0	0
1964.0	0	2	0	0
1965.0	0	1	0	0
1966.0	0	1	0	2
1967.0	0	1	0	0
1968.0	0	0	0	1
1969.0	0	0	0	1
1970.0	0	1	0	0
1971.0	0	1	0	0
1972.0	0	1	0	2
1973.0	0	0	0	1
1975.0	0	0	0	2
1976.0	0	1	0	0
1977.0	0	1	0	0
1979.0	0	1	0	0
1980.0	0	1	0	0
1983.0	0	1	0	0
1984.0	0	1	0	1
1987.0	0	0	0	1
1989.0	0	0	0	1
1990.0	0	0	0	1
1993.0	0	1	0	0
1997.0	0	0	0	2
1999.0	0	1	0	0
2001.0	0	1	0	0
2002.0	0	0	0	2
2003.0	0	3	0	1
2004.0	0	0	0	1
2005.0	0	2	0	1
2006.0	0	0	0	1
2007.0	0	0	0	1
2010.0	0	1	0	0
2011.0	0	0	0	1
2012.0	0	0	0	1
2014.0	0	0	0	1
2015.0	0	2	0	0
2017.0	0	0	0	1
2019.0	0	0	0	1
2022.0	0	1	0	0
2024.0	0	1	0	0
2025.0	0	2	0	2
2027.0	0	1	0	0
2028.0	0	0	0	2
2031.0	0	0	0	1
2032.0	0	0	0	1
2033.0	0	2	0	0
2035.0	0	0	0	1
2036.0	0	1	0	2
2039.0	0	1	0	0
2041.0	0	0	0	2
2042.0	0	2	0	0
2043.0	0	1	0	0
2044.0	0	1	0	0
2045.0	0	0	0	1
2046.0	0	2	0	1
2047.0	0	0	0	1
2049.0	0	1	0	0
2050.0	0	2	0	0
2051.0	0	0	0	1
2052.0	0	1	0	1
2054.0	0	1	0	1
2056.0	0	0	0	1
2057.0	0	0	0	1
2059.0	0	0	0	1
2060.0	0	1	0	1
2061.0	0	0	0	1
2062.0	0	1	0	1
2063.0	0	1	0	0
2066.0	0	2	0	0
2067.0	0	1	0	1
2069.0	0	0	0	1
2071.0	0	1	0	2
2072.0	0	1	0	2
2073.0	0	2	0	1
2074.0	0	2	0	2
2075.0	0	1	0	1
2077.0	0	0	0	1
2078.0	0	0	0	1
2082.0	0	1	0	1
2083.0	0	0	0	1
2084.0	0	1	0	0
2085.0	0	1	0	0
2086.0	0	0	0	1
2087.0	0	3	0	1
2088.0	0	1	0	0
2089.0	0	1	0	1
2090.0	0	1	0	0
2092.0	0	1	0	0
2093.0	0	0	0	1
2094.0	0	1	0	2
2096.0	0	0	0	1
2097.0	0	2	0	0
2098.0	0	2	0	1
2099.0	0	0	0	1
2100.0	0	1	0	0
2102.0	0	1	0	0
2104.0	0	1	0	0
2105.0	0	0	0	2
2106.0	0	1	0	1
2108.0	0	1	0	0
2109.0	0	0	0	1
2110.0	0	2	0	0
2111.0	0	1	0	0
2112.0	0	0	0	1
2113.0	0	1	0	2
2115.0	0	0	0	1
2116.0	0	0	0	2
2117.0	0	1	0	0
2119.0	0	0	0	3
2121.0	0	2	0	0
2122.0	0	0	0	2
2123.0	0	0	0	1
2124.0	0	2	0	2
2125.0	0	1	0	0
2126.0	0	1	0	0
2127.0	0	2	0	0
2128.0	0	1	0	1
2129.0	0	2	0	1
2130.0	0	0	0	1
2131.0	0	0	0	2
2132.0	0	0	0	3
2133.0	0	0	0	1
2135.0	0	2	0	0
2136.0	0	1	0	0
2137.0	0	1	0	1
2138.0	0	0	0	1
2139.0	0	2	0	0
2140.0	0	1	0	3
2141.0	0	1	0	0
2142.0	0	0	0	1
2143.0	0	1	0	0
2144.0	0	1	0	0
2145.0	0	2	0	0
2146.0	0	0	0	2
2148.0	0	3	0	1
2149.0	0	2	0	1
2151.0	0	1	0	1
2152.0	0	1	0	0
2153.0	0	1	0	1
2156.0	0	1	0	0
2158.0	0	2	0	1
2160.0	0	0	0	2
2162.0	0	0	0	1
2163.0	0	2	0	0
2164.0	0	1	0	0
2165.0	0	1	0	0
2167.0	0	0	0	2
2170.0	0	0	0	1
2171.0	0	1	0	0
2174.0	0	0	0	1
2175.0	0	0	0	1
2176.0	0	0	0	1
2177.0	0	1	0	0
2178.0	0	0	0	1
2179.0	0	1	0	1
2181.0	0	1	0	0
2182.0	0	1	0	0
2183.0	0	1	0	0
2184.0	0	1	0	0
2185.0	0	0	0	3
2186.0	0	0	0	1
2187.0	0	1	0	0
2189.0	0	1	0	0
2191.0	0	1	0	0
2193.0	0	0	0	1
2194.0	0	1	0	0
2195.0	0	0	0	1
2197.0	0	0	0	1
2199.0	0	1	0	0
2201.0	0	1	0	0
2202.0	0	1	0	1
2203.0	0	0	0	1
2204.0	0	1	0	1
2205.0	0	1	0	1
2206.0	0	1	0	0
2207.0	0	1	0	1
2211.0	0	3	0	0
2214.0	0	1	0	0
2216.0	0	1	0	0
2217.0	0	0	0	1
2219.0	0	1	0	2
2227.0	0	0	0	1
2229.0	0	0	0	1
2230.0	0	1	0	2
2231.0	0	0	0	1
2232.0	0	0	0	1
2233.0	0	1	0	0
2234.0	0	1	0	1
2235.0	0	0	0	3
2237.0	0	1	0	0
2242.0	0	0	0	1
2243.0	0	1	0	0
2244.0	0	1	0	2
2245.0	0	1	0	0
2246.0	0	1	0	0
2247.0	0	1	0	0
2249.0	0	1	0	1
2250.0	0	1	0	1
2253.0	0	0	0	1
2257.0	0	1	0	1
2258.0	0	1	0	1
2259.0	0	1	0	0
2260.0	0	0	0	1
2262.0	0	0	0	1
2263.0	0	0	0	1
2264.0	0	2	0	0
2265.0	0	0	0	1
2266.0	0	0	0	1
2268.0	0	2	0	2
2269.0	0	1	0	1
2270.0	0	0	0	1
2272.0	0	1	0	1
2275.0	0	1	0	0
2276.0	0	1	0	0
2277.0	0	1	0	0
2280.0	0	1	0	0
2281.0	0	1	0	1
2282.0	0	2	0	0
2283.0	0	2	0	0
2289.0	0	0	0	1
2292.0	0	0	0	1
2293.0	0	1	0	0
2298.0	0	2	0	0
2299.0	0	1	0	1
2301.0	0	0	0	1
2303.0	0	0	0	1
2304.0	0	0	0	2
2306.0	0	0	0	2
2307.0	0	0	0	1
2308.0	0	1	0	0
2309.0	0	0	0	1
2310.0	0	0	0	1
2311.0	0	1	0	0
2312.0	0	0	0	1
2313.0	0	1	0	1
2315.0	0	0	0	2
2316.0	0	0	0	2
2317.0	0	1	0	1
2318.0	0	1	0	1
2320.0	0	1	0	0
2322.0	0	1	0	1
2323.0	0	1	0	0
2324.0	0	2	0	0
2325.0	0	1	0	0
2326.0	0	2	0	1
2329.0	0	1	0	0
2330.0	0	2	0	1
2331.0	0	2	0	0
2332.0	0	1	0	1
2335.0	0	0	0	1
2336.0	0	2	0	0
2338.0	0	0	0	1
2340.0	0	0	0	1
2341.0	0	2	0	0
2343.0	0	0	0	1
2344.0	0	0	0	1
2345.0	0	0	0	1
2346.0	0	0	0	1
2347.0	0	0	0	2
2348.0	0	0	0	1
2349.0	0	0	0	1
2350.0	0	1	0	0
2351.0	0	1	0	0
2353.0	0	1	0	0
2354.0	0	0	0	1
2355.0	0	0	0	1
2357.0	0	1	0	1
2358.0	0	1	0	0
2359.0	0	0	0	1
2360.0	0	2	0	0
2361.0	0	1	0	1
2363.0	0	1	0	0
2365.0	0	1	0	1
2367.0	0	0	0	1
2369.0	0	0	0	1
2371.0	0	0	0	2
2372.0	0	0	0	1
2373.0	0	1	0	0
2376.0	0	0	0	2
2377.0	0	1	0	0
2378.0	0	0	0	1
2379.0	0	1	0	0
2380.0	0	2	0	1
2383.0	0	2	0	0
2384.0	0	0	0	1
2386.0	0	1	0	0
2387.0	0	2	0	0
2388.0	0	0	0	1
2391.0	0	2	0	0
2394.0	0	1	0	0
2396.0	0	0	0	1
2398.0	0	1	0	0
2400.0	0	1	0	0
2401.0	0	0	0	1
2402.0	0	1	0	0
2403.0	0	1	0	1
2405.0	0	0	0	1
2406.0	0	0	0	1
2407.0	0	0	0	1
2408.0	0	0	0	1
2409.0	0	0	0	1
2410.0	0	1	0	0
2411.0	0	1	0	0
2412.0	0	2	0	0
2413.0	0	1	0	0
2416.0	0	0	0	1
2417.0	0	0	0	1
2419.0	0	1	0	0
2420.0	0	0	0	2
2421.0	0	0	0	1
2422.0	0	0	0	1
2426.0	0	0	0	1
2427.0	0	1	0	0
2428.0	0	1	0	2
2429.0	0	1	0	0
2430.0	0	1	0	0
2434.0	0	0	0	1
2435.0	0	0	0	1
2438.0	0	1	0	0
2439.0	0	0	0	1
2441.0	0	1	0	1
2442.0	0	1	0	0
2443.0	0	2	0	0
2445.0	0	1	0	0
2451.0	0	1	0	1
2455.0	0	1	0	0
2458.0	0	1	0	0
2459.0	0	1	0	1
2460.0	0	1	0	0
2461.0	0	0	0	1
2466.0	0	1	0	0
2467.0	0	0	0	1
2469.0	0	1	0	0
2471.0	0	0	0	1
2472.0	0	1	0	0
2474.0	0	0	0	1
2475.0	0	1	0	1
2477.0	0	0	0	1
2482.0	0	1	0	0
2484.0	0	1	0	1
2487.0	0	1	0	0
2490.0	0	0	0	1
2491.0	0	0	0	1
2494.0	0	1	0	1
2497.0	0	1	0	0
2500.0	0	0	0	3
2505.0	0	0	0	3
2506.0	0	0	0	2
2507.0	0	1	0	1
2508.0	0	0	0	2
2511.0	0	1	0	0
2512.0	0	1	0	2
2513.0	0	0	0	1
2514.0	0	0	0	2
2515.0	0	1	0	0
2516.0	0	1	0	0
2517.0	0	1	0	1
2518.0	0	1	0	0
2519.0	0	2	0	0
2520.0	0	1	0	0
2523.0	0	1	0	0
2524.0	0	1	0	0
2525.0	0	4	0	0
2526.0	0	2	0	0
2527.0	0	0	0	2
2529.0	0	0	0	2
2533.0	0	0	0	1
2534.0	0	1	0	0
2537.0	0	0	0	1
2539.0	0	1	0	0
2541.0	0	2	0	1
2543.0	0	0	0	1
2546.0	0	1	0	1
2548.0	0	2	0	2
2549.0	0	0	0	1
2550.0	0	1	0	0
2551.0	0	1	0	1
2552.0	0	1	0	0
2554.0	0	1	0	0
2556.0	0	1	0	1
2559.0	0	0	0	1
2564.0	0	1	0	2
2565.0	0	2	0	1
2567.0	0	0	0	1
2570.0	0	2	0	1
2575.0	0	1	0	0
2581.0	0	1	0	0
2583.0	0	1	0	0
2591.0	0	0	0	1
2592.0	0	1	0	0
2597.0	0	1	0	0
2602.0	0	0	0	1
2609.0	0	1	0	1
2610.0	0	0	0	1
2614.0	0	1	0	0
2615.0	0	0	0	2
2620.0	0	1	0	0
2622.0	0	1	0	0
2624.0	0	0	0	1
2625.0	0	2	0	0
2626.0	0	0	0	1
2627.0	0	1	0	0
2632.0	0	1	0	0
2637.0	0	1	0	1
2638.0	0	0	0	1
2645.0	0	1	0	0
2649.0	0	1	0	0
2654.0	0	1	0	0
2663.0	0	0	0	2
2664.0	0	0	0	1
2666.0	0	0	0	1
2667.0	0	1	0	1
2672.0	0	1	0	1
2676.0	0	1	0	0
2680.0	0	0	0	1
2681.0	0	1	0	0
2683.0	0	0	0	1
2684.0	0	1	0	0
2688.0	0	0	0	1
2689.0	0	0	0	1
2696.0	0	0	0	1
2706.0	0	1	0	0
2707.0	0	0	0	1
2709.0	0	3	0	0
2715.0	0	1	0	1
2720.0	0	1	0	0
2724.0	0	0	0	1
2726.0	0	0	0	1
2732.0	0	1	0	0
2735.0	0	1	0	0
2737.0	0	1	0	1
2739.0	0	0	0	1
2742.0	0	0	0	1
2744.0	0	1	0	0
2749.0	0	0	0	1
2751.0	0	1	0	1
2752.0	0	1	0	1
2755.0	0	0	0	1
2756.0	0	1	0	0
2760.0	0	0	0	1
2763.0	0	0	0	1
2764.0	0	0	0	1
2765.0	0	1	0	0
2770.0	0	1	0	0
2772.0	0	0	0	1
2773.0	0	0	0	1
2775.0	0	1	0	0
2776.0	0	1	0	0
2777.0	0	1	0	0
2778.0	0	1	0	0
2779.0	0	0	0	1
2780.0	0	1	0	0
2781.0	0	0	0	1
2783.0	0	1	0	0
2788.0	0	0	0	1
2789.0	0	1	0	0
2791.0	0	1	0	0
2793.0	0	0	0	1
2795.0	0	1	0	0
2796.0	0	0	0	1
2802.0	0	0	0	1
2803.0	0	0	0	1
2804.0	0	1	0	0
2808.0	0	1	0	0
2809.0	0	0	0	1
2814.0	0	1	0	0
2821.0	0	1	0	0
2823.0	0	1	0	0
2826.0	0	0	0	1
2827.0	0	0	0	1
2837.0	0	0	0	1
2838.0	0	0	0	1
2842.0	0	0	0	1
2845.0	0	0	0	1
2848.0	0	0	0	1
2850.0	0	1	0	0
2853.0	0	1	0	0
2854.0	0	1	0	0
2860.0	0	0	0	1
2861.0	0	1	0	0
2862.0	0	1	0	0
2865.0	0	0	0	1
2868.0	0	1	0	0
2870.0	0	1	0	0
2871.0	0	0	0	2
2873.0	0	1	0	0
2876.0	0	1	0	0
2879.0	0	0	0	1
2885.0	0	0	0	1
2891.0	0	2	0	0
2894.0	0	1	0	0
2902.0	0	0	0	2
2903.0	0	1	0	1
2913.0	0	1	0	1
2916.0	0	1	0	0
2918.0	0	1	0	0
2923.0	0	1	0	0
2924.0	0	1	0	2
2925.0	0	0	0	1
2926.0	0	0	0	1
2934.0	0	0	0	1
2937.0	0	2	0	0
2939.0	0	0	0	2
2943.0	0	1	0	0
2945.0	0	0	0	1
2951.0	0	1	0	1
2952.0	0	0	0	1
2954.0	0	1	0	0
2956.0	0	1	0	0
2958.0	0	0	0	1
2961.0	0	1	0	0
2964.0	0	1	0	0
2970.0	0	0	0	1
2971.0	0	0	0	1
2972.0	0	0	0	1
2978.0	0	1	0	0
2979.0	0	0	0	1
2985.0	0	0	0	1
2988.0	0	0	0	1
2991.0	0	1	0	0
2993.0	0	1	0	0
2994.0	0	0	0	1
2996.0	0	1	0	0
2997.0	0	1	0	1
2998.0	0	0	0	1
3000.0	0	1	0	1
3001.0	0	1	0	0
3003.0	0	1	0	0
3005.0	0	1	0	1
3006.0	0	0	0	1
3012.0	0	1	0	0
3014.0	0	1	0	1
3015.0	0	1	0	0
3016.0	0	0	0	1
3017.0	0	1	0	0
3021.0	0	0	0	1
3022.0	0	1	0	0
3024.0	0	1	0	0
3026.0	0	0	0	2
3028.0	0	1	0	0
3033.0	0	0	0	1
3036.0	0	1	0	0
3037.0	0	2	0	1
3039.0	0	0	0	2
3042.0	0	0	0	1
3046.0	0	0	0	1
3048.0	0	1	0	0
3051.0	0	1	0	2
3052.0	0	1	0	1
3060.0	0	1	0	1
3062.0	0	1	0	0
3065.0	0	1	0	0
3067.0	0	1	0	0
3071.0	0	1	0	1
3072.0	0	0	0	1
3076.0	0	1	0	0
3083.0	0	2	0	0
3087.0	0	1	0	0
3092.0	0	0	0	2
3099.0	0	1	0	0
3101.0	0	0	0	1
3104.0	0	0	0	1
3106.0	0	1	0	0
3109.0	0	1	0	1
3110.0	0	0	0	1
3111.0	0	1	0	0
3115.0	0	0	0	1
3116.0	0	0	0	1
3125.0	0	1	0	0
3127.0	0	1	0	0
3129.0	0	0	0	2
3132.0	0	1	0	0
3133.0	0	0	0	1
3134.0	0	1	0	0
3138.0	0	1	0	0
3140.0	0	0	0	1
3145.0	0	1	0	0
3151.0	0	0	0	1
3153.0	0	0	0	1
3155.0	0	2	0	1
3164.0	0	0	0	1
3166.0	0	1	0	0
3168.0	0	0	0	1
3170.0	0	0	0	1
3171.0	0	0	0	1
3175.0	0	0	0	1
3178.0	0	2	0	0
3182.0	0	1	0	0
3183.0	0	0	0	1
3185.0	0	0	0	1
3186.0	0	1	0	0
3188.0	0	1	0	0
3192.0	0	0	0	1
3199.0	0	1	0	1
3200.0	0	0	0	2
3202.0	0	0	0	1
3204.0	0	1	0	0
3205.0	0	1	0	0
3206.0	0	1	0	0
3208.0	0	1	0	0
3209.0	0	1	0	0
3212.0	0	2	0	0
3213.0	0	1	0	0
3214.0	0	0	0	2
3216.0	0	0	0	1
3217.0	0	0	0	1
3219.0	0	1	0	0
3227.0	0	0	0	2
3228.0	0	1	0	0
3234.0	0	1	0	0
3237.0	0	1	0	0
3240.0	0	0	0	1
3241.0	0	1	0	0
3247.0	0	1	0	0
3248.0	0	1	0	0
3259.0	0	0	0	1
3261.0	0	0	0	1
3267.0	0	1	0	0
3268.0	0	0	0	1
3269.0	0	0	0	1
3270.0	0	0	0	1
3276.0	0	0	0	1
3282.0	0	1	0	0
3288.0	0	1	0	0
3289.0	0	1	0	0
3294.0	0	1	0	0
3296.0	0	1	0	0
3302.0	0	0	0	1
3304.0	0	1	0	1
3308.0	0	0	0	2
3311.0	0	0	0	1
3317.0	0	0	0	1
3318.0	0	0	0	1
3324.0	0	1	0	0
3325.0	0	1	0	0
3326.0	0	2	0	0
3333.0	0	2	0	0
3345.0	0	1	0	0
3348.0	0	0	0	1
3360.0	0	0	0	1
3369.0	0	1	0	0
3373.0	0	0	0	1
3380.0	0	0	0	1
3386.0	0	0	0	1
3387.0	0	1	0	0
3392.0	0	1	0	0
3397.0	0	0	0	1
3398.0	0	0	0	1
3402.0	0	1	0	0
3409.0	0	1	0	0
3415.0	0	0	0	1
3417.0	0	0	0	1
3418.0	0	1	0	0
3419.0	0	0	0	1
3422.0	0	1	0	0
3427.0	0	0	0	1
3428.0	0	1	0	1
3431.0	0	1	0	1
3437.0	0	0	0	1
3445.0	0	1	0	0
3451.0	0	0	0	1
3452.0	0	1	0	0
3453.0	0	0	0	1
3454.0	0	1	0	0
3456.0	0	1	0	0
3462.0	0	1	0	0
3463.0	0	0	0	2
3468.0	0	1	0	0
3474.0	0	1	0	0
3479.0	0	0	0	1
3481.0	0	0	0	1
3482.0	0	1	0	0
3484.0	0	1	0	1
3489.0	0	1	0	1
3494.0	0	0	0	1
3506.0	0	1	0	0
3512.0	0	1	0	0
3514.0	0	1	0	0
3520.0	0	1	0	0
3527.0	0	0	0	1
3536.0	0	1	0	1
3548.0	0	0	0	1
3554.0	0	1	0	0
3559.0	0	1	0	1
3566.0	0	0	0	1
3567.0	0	0	0	1
3571.0	0	0	0	1
3575.0	0	0	0	1
3578.0	0	1	0	0
3580.0	0	1	0	0
3582.0	0	1	0	0
3589.0	0	1	0	0
3594.0	0	1	0	0
3617.0	0	0	0	1
3629.0	0	1	0	0
3635.0	0	0	0	1
3639.0	0	0	0	1
3641.0	0	0	0	1
3642.0	0	0	0	1
3644.0	0	0	0	1
3652.0	0	0	0	1
3655.0	0	1	0	0
3656.0	0	1	0	0
3665.0	0	0	0	1
3669.0	0	1	0	0
3679.0	0	1	0	1
3680.0	0	1	0	0
3686.0	0	1	0	0
3705.0	0	0	0	1
3711.0	0	1	0	0
3714.0	0	0	0	1
3717.0	0	0	0	1
3720.0	0	0	0	1
3724.0	0	1	0	0
3726.0	0	1	0	0
3727.0	0	1	0	1
3739.0	0	1	0	0
3740.0	0	2	0	0
3747.0	0	0	0	1
3752.0	0	0	0	1
3759.0	0	1	0	0
3771.0	0	0	0	2
3778.0	0	0	0	1
3779.0	0	1	0	0
3783.0	0	0	0	1
3785.0	0	1	0	0
3790.0	0	0	0	1
3794.0	0	0	0	1
3798.0	0	1	0	1
3803.0	0	1	0	0
3804.0	0	1	0	0
3810.0	0	0	0	1
3811.0	0	1	0	0
3813.0	0	0	0	1
3819.0	0	0	0	1
3820.0	0	1	0	0
3827.0	0	0	0	1
3830.0	0	0	0	1
3831.0	0	2	0	0
3832.0	0	0	0	1
3835.0	0	1	0	0
3836.0	0	0	0	1
3844.0	0	1	0	0
3846.0	0	1	0	0
3850.0	0	1	0	0
3853.0	0	1	0	0
3859.0	0	0	0	1
3863.0	0	1	0	0
3871.0	0	0	0	1
3894.0	0	1	0	0
3897.0	0	1	0	0
3903.0	0	0	0	1
3907.0	0	0	0	1
3908.0	0	0	0	1
3935.0	0	1	0	0
3939.0	0	2	0	0
3941.0	0	0	0	1
3944.0	0	0	0	1
3946.0	0	0	0	1
3952.0	0	0	0	1
3955.0	0	0	0	1
3956.0	0	1	0	0
3957.0	0	1	0	0
3967.0	0	0	0	1
3971.0	0	2	0	0
3977.0	0	1	0	0
3981.0	0	1	0	0
4006.0	0	0	0	1
4014.0	0	0	0	1
4017.0	0	0	0	1
4018.0	0	0	0	1
4025.0	0	1	0	1
4029.0	0	1	0	0
4043.0	0	0	0	1
4045.0	0	2	0	0
4055.0	0	0	0	1
4056.0	0	0	0	1
4062.0	0	1	0	0
4067.0	0	1	0	0
4079.0	0	1	0	0
4086.0	0	0	0	1
4090.0	0	0	0	1
4102.0	0	1	0	0
4104.0	0	0	0	1
4109.0	0	1	0	0
4111.0	0	1	0	0
4115.0	0	0	0	1
4119.0	0	1	0	0
4138.0	0	0	0	1
4148.0	0	0	0	1
4151.0	0	0	0	1
4152.0	0	1	0	0
4157.0	0	1	0	0
4160.0	0	1	0	0
4166.0	0	0	0	1
4178.0	0	0	0	1
4187.0	0	1	0	0
4197.0	0	0	0	1
4204.0	0	0	0	1
4206.0	0	0	0	1
4207.0	0	0	0	1
4211.0	0	1	0	0
4213.0	0	2	0	0
4215.0	0	0	0	1
4222.0	0	1	0	0
4228.0	0	1	0	0
4233.0	0	1	0	0
4242.0	0	1	0	0
4253.0	0	0	0	1
4263.0	0	1	0	0
4271.0	0	0	0	1
4272.0	0	0	0	1
4273.0	0	0	0	1
4277.0	0	0	0	1
4278.0	0	0	0	1
4280.0	0	0	0	2
4283.0	0	1	0	0
4287.0	0	0	0	1
4290.0	0	0	0	1
4291.0	0	1	0	0
4295.0	0	1	0	0
4299.0	0	1	0	0
4303.0	0	0	0	1
4305.0	0	2	0	0
4308.0	0	0	0	1
4315.0	0	1	0	0
4316.0	0	1	0	0
4324.0	0	0	0	1
4339.0	0	2	0	0
4352.0	0	1	0	0
4353.0	0	1	0	0
4384.0	0	0	0	1
4391.0	0	0	0	1
4398.0	0	1	0	0
4412.0	0	1	0	0
4440.0	0	0	0	1
4449.0	0	0	0	1
4454.0	0	0	0	1
4455.0	0	0	0	1
4462.0	0	1	0	0
4468.0	0	1	0	0
4471.0	0	1	0	0
4473.0	0	1	0	0
4482.0	0	0	0	1
4486.0	0	0	0	1
4494.0	0	0	0	1
4503.0	0	1	0	0
4504.0	0	1	0	0
4516.0	0	1	0	0
4521.0	0	0	0	1
4525.0	0	0	0	1
4538.0	0	1	0	0
4545.0	0	1	0	0
4558.0	0	0	0	1
4566.0	0	0	0	1
4601.0	0	0	0	1
4605.0	0	1	0	0
4608.0	0	1	0	0
4622.0	0	0	0	1
4625.0	0	1	0	0
4649.0	0	1	0	0
4653.0	0	0	0	1
4681.0	0	1	0	0
4766.0	0	0	0	1
4793.0	0	0	0	1
4796.0	0	1	0	1
4800.0	0	0	0	1
4811.0	0	0	0	1
4814.0	0	1	0	0
4818.0	0	0	0	1
4824.0	0	1	0	0
4825.0	0	1	0	0
4827.0	0	0	0	1
4832.0	0	1	0	0
4844.0	0	1	0	0
4862.0	0	1	0	0
4889.0	0	0	0	1
4894.0	0	0	0	1
4902.0	0	0	0	1
4917.0	0	1	0	1
4921.0	0	1	0	0
4930.0	0	1	0	1
4944.0	0	1	0	0
4949.0	0	0	0	1
4950.0	0	0	0	1
4958.0	0	1	0	0
4960.0	0	0	0	1
4967.0	0	1	0	0
4973.0	0	1	0	0
4993.0	0	1	0	0
5034.0	0	0	0	1
5043.0	0	0	0	1
5056.0	0	0	0	1
5062.0	0	1	0	0
5064.0	0	1	0	0
5069.0	0	0	0	1
5082.0	0	0	0	1
5090.0	0	1	0	0
5095.0	0	0	0	1
5096.0	0	0	0	1
5106.0	0	0	0	1
5110.0	0	1	0	0
5116.0	0	0	0	1
5118.0	0	1	0	0
5121.0	0	1	0	0
5130.0	0	1	0	0
5134.0	0	1	0	0
5143.0	0	1	0	0
5224.0	0	0	0	1
5241.0	0	0	0	1
5255.0	0	1	0	0
5277.0	0	1	0	0
5280.0	0	0	0	1
5285.0	0	0	0	1
5305.0	0	0	0	1
5314.0	0	1	0	0
5316.0	0	1	0	0
5328.0	0	0	0	1
5359.0	0	1	0	0
5360.0	0	1	0	0
5401.0	0	0	0	1
5410.0	0	0	0	1
5434.0	0	0	0	1
5440.0	0	1	0	0
5460.0	0	1	0	0
5465.0	0	1	0	0
5488.0	0	0	0	1
5550.0	0	1	0	0
5636.0	0	0	0	1
5653.0	0	1	0	0
5676.0	0	0	0	1
5709.0	0	1	0	0
5731.0	0	0	0	1
5733.0	0	0	0	1
5753.0	0	0	0	1
5771.0	0	1	0	0
5775.0	0	1	0	0
5784.0	0	1	0	0
5810.0	0	0	0	1
5841.0	0	1	0	0
5862.0	0	0	0	1
5886.0	0	1	0	0
5909.0	0	0	0	1
5925.0	0	1	0	0
5957.0	0	0	0	1
5992.0	0	1	0	0
6029.0	0	0	0	1
6046.0	0	1	0	0
6154.0	0	0	0	1
6158.0	0	0	0	1
6159.0	0	0	0	1
6163.0	0	0	0	1
6175.0	0	1	0	0
6181.0	0	1	0	0
6187.0	0	0	0	1
6194.0	0	1	0	0
6202.0	0	1	0	0
6206.0	0	0	0	1
6233.0	0	1	0	0
6259.0	0	1	0	0
6284.0	0	0	0	1
6314.0	0	1	0	0
6328.0	0	0	0	1
6338.0	0	0	0	1
6398.0	0	1	0	0
6399.0	0	1	0	0
6462.0	0	0	0	1
6493.0	0	1	0	0
6532.0	0	0	0	1
6540.0	0	0	0	1
6569.0	0	1	0	0
6576.0	0	0	0	1
6592.0	0	1	0	0
6611.0	0	0	0	1
6612.0	0	0	0	1
6634.0	0	1	0	0
6636.0	0	0	0	1
6640.0	0	1	0	0
6644.0	0	1	0	0
6713.0	0	1	0	0
6757.0	0	0	0	1
6776.0	0	0	0	1
6784.0	0	1	0	0
6797.0	0	0	0	1
6798.0	0	0	0	1
6803.0	0	1	0	0
6816.0	0	0	0	1
6833.0	0	1	0	0
6838.0	0	1	0	0
6842.0	0	0	0	1
6855.0	0	1	0	0
6889.0	0	1	0	0
6944.0	0	0	0	1
6971.0	0	1	0	0
7050.0	0	0	0	1
7091.0	0	1	0	0
7130.0	0	0	0	1
7179.0	0	1	0	0
7266.0	0	0	0	1
7358.0	0	1	0	0
7581.0	0	0	0	1
7616.0	0	1	0	0
7624.0	0	0	0	1
7640.0	0	0	0	1
7667.0	0	1	0	0
7684.0	0	1	0	0
8030.0	0	0	0	1
8071.0	0	0	0	1
8102.0	0	1	0	0
8129.0	0	1	0	0
8137.0	0	0	0	1
8171.0	0	1	0	0
8202.0	0	0	0	1
8247.0	0	1	0	0
8300.0	0	0	0	1
8361.0	0	1	0	0
8531.0	0	0	0	1
8628.0	0	1	0	0
8924.0	0	0	0	1
8970.0	0	1	0	0
9298.0	0	0	0	1
9339.0	0	1	0	0
9518.0	0	0	0	1
9552.0	0	0	0	1
9575.0	0	0	0	1
9596.0	0	1	0	0
9603.0	0	1	0	0
9604.0	0	1	0	0
9886.0	0	0	0	1
9915.0	0	1	0	0
10595.0	0	0	0	1
10716.0	0	1	0	0
10850.0	0	0	0	1
10855.0	0	0	0	1
10875.0	0	0	0	1
10908.0	0	1	0	0
10916.0	0	1	0	0
10936.0	0	1	0	0
11717.0	0	0	0	1
11771.0	0	1	0	0
11777.0	0	0	0	1
11853.0	0	1	0	0
12120.0	0	0	0	1
12150.0	0	0	0	1
12175.0	0	0	0	1
12188.0	0	1	0	0
12220.0	0	1	0	0
12248.0	0	1	0	0
12459.0	0	0	0	1
12519.0	0	1	0	0
12681.0	0	0	0	1
12721.0	0	1	0	0
12769.0	0	0	0	1
12831.0	0	1	0	0
14154.0	0	0	0	1
14341.0	0	1	0	0
14483.0	0	0	0	1
14551.0	0	1	0	0
14974.0	0	0	0	1
15038.0	0	1	0	0
16025.0	0	0	0	1
16100.0	0	1	0	0
16857.0	0	0	0	1
16934.0	0	1	0	0
16941.0	0	0	0	1
17101.0	0	1	0	0
21028.0	0	0	0	1
21151.0	0	1	0	0
21409.0	0	0	0	1
21448.0	0	0	0	1
21500.0	0	1	0	0
21513.0	0	0	0	1
21550.0	0	1	0	0
21616.0	0	1	0	0
23473.0	0	0	0	1
23568.0	0	1	0	0
25610.0	0	0	0	1
25910.0	0	1	0	0
29391.0	0	0	0	1
29558.0	0	1	0	0

