## htsjdk.samtools.metrics.StringHeader
# MarkDuplicates INPUT=[/beegfs/scratch/ric.sessa/kubacki.michal/SRF_Eva_top/Eva_submission/SRF_Eva_Cut_and_Tag/results/04_filtered/TES-2_with_rg.bam] OUTPUT=/beegfs/scratch/ric.sessa/kubacki.michal/SRF_Eva_top/Eva_submission/SRF_Eva_Cut_and_Tag/results/04_filtered/TES-2_dedup.bam METRICS_FILE=/beegfs/scratch/ric.sessa/kubacki.michal/SRF_Eva_top/Eva_submission/SRF_Eva_Cut_and_Tag/results/04_filtered/TES-2_dedup_metrics.txt REMOVE_DUPLICATES=false ASSUME_SORTED=true CREATE_INDEX=true    MAX_SEQUENCES_FOR_DISK_READ_ENDS_MAP=50000 MAX_FILE_HANDLES_FOR_READ_ENDS_MAP=8000 SORTING_COLLECTION_SIZE_RATIO=0.25 TAG_DUPLICATE_SET_MEMBERS=false REMOVE_SEQUENCING_DUPLICATES=false TAGGING_POLICY=DontTag CLEAR_DT=true DUPLEX_UMI=false FLOW_MODE=false FLOW_DUP_STRATEGY=FLOW_QUALITY_SUM_STRATEGY FLOW_USE_END_IN_UNPAIRED_READS=false FLOW_USE_UNPAIRED_CLIPPED_END=false FLOW_UNPAIRED_END_UNCERTAINTY=0 FLOW_UNPAIRED_START_UNCERTAINTY=0 FLOW_SKIP_FIRST_N_FLOWS=0 FLOW_Q_IS_KNOWN_END=false FLOW_EFFECTIVE_QUALITY_THRESHOLD=15 ADD_PG_TAG_TO_READS=true DUPLICATE_SCORING_STRATEGY=SUM_OF_BASE_QUALITIES PROGRAM_RECORD_ID=MarkDuplicates PROGRAM_GROUP_NAME=MarkDuplicates READ_NAME_REGEX=<optimized capture of last three ':' separated fields as numeric values> OPTICAL_DUPLICATE_PIXEL_DISTANCE=100 MAX_OPTICAL_DUPLICATE_SET_SIZE=300000 VERBOSITY=INFO QUIET=false VALIDATION_STRINGENCY=STRICT COMPRESSION_LEVEL=5 MAX_RECORDS_IN_RAM=500000 CREATE_MD5_FILE=false USE_JDK_DEFLATER=false USE_JDK_INFLATER=false
## htsjdk.samtools.metrics.StringHeader
# Started on: Tue Mar 03 15:05:25 CET 2026

## METRICS CLASS	picard.sam.DuplicationMetrics
LIBRARY	UNPAIRED_READS_EXAMINED	READ_PAIRS_EXAMINED	SECONDARY_OR_SUPPLEMENTARY_RDS	UNMAPPED_READS	UNPAIRED_READ_DUPLICATES	READ_PAIR_DUPLICATES	READ_PAIR_OPTICAL_DUPLICATES	PERCENT_DUPLICATION	ESTIMATED_LIBRARY_SIZE
lib1	0	30298192	0	69685782	0	25500115	369945	0.841638	4807590

## HISTOGRAM	java.lang.Double
BIN	CoverageMult	all_sets	optical_sets	non_optical_sets
1.0	1.000147	1467189	0	1499601
2.0	1.001979	617699	301649	616304
3.0	1.001983	408178	27632	405243
4.0	1.001983	308688	3075	306175
5.0	1.001983	248865	494	246073
6.0	1.001983	207352	108	204959
7.0	1.001983	177222	57	175564
8.0	1.001983	154691	32	152662
9.0	1.001983	135851	27	134392
10.0	1.001983	120949	9	119716
11.0	1.001983	107639	7	106469
12.0	1.001983	97073	7	95663
13.0	1.001983	86701	3	85949
14.0	1.001983	78748	0	77768
15.0	1.001983	70773	4	70378
16.0	1.001983	63919	5	63139
17.0	1.001983	57149	0	56485
18.0	1.001983	51594	2	50886
19.0	1.001983	45951	1	45486
20.0	1.001983	40572	1	39896
21.0	1.001983	35691	0	35161
22.0	1.001983	31022	1	30434
23.0	1.001983	26949	1	26344
24.0	1.001983	22696	0	22272
25.0	1.001983	19891	0	19515
26.0	1.001983	16796	0	16293
27.0	1.001983	14238	0	13958
28.0	1.001983	11921	0	11504
29.0	1.001983	9828	0	9567
30.0	1.001983	8097	0	7778
31.0	1.001983	6860	0	6667
32.0	1.001983	5768	0	5552
33.0	1.001983	4732	0	4505
34.0	1.001983	3930	0	3821
35.0	1.001983	3327	0	3208
36.0	1.001983	2836	0	2724
37.0	1.001983	2380	0	2286
38.0	1.001983	1976	0	1916
39.0	1.001983	1719	0	1643
40.0	1.001983	1479	0	1450
41.0	1.001983	1221	0	1161
42.0	1.001983	1050	0	1031
43.0	1.001983	1033	0	977
44.0	1.001983	843	0	818
45.0	1.001983	779	0	746
46.0	1.001983	715	0	684
47.0	1.001983	632	0	627
48.0	1.001983	580	0	573
49.0	1.001983	530	0	513
50.0	1.001983	497	0	480
51.0	1.001983	413	0	404
52.0	1.001983	432	0	441
53.0	1.001983	421	0	383
54.0	1.001983	371	0	377
55.0	1.001983	336	0	357
56.0	1.001983	346	0	339
57.0	1.001983	319	0	282
58.0	1.001983	285	0	299
59.0	1.001983	283	0	267
60.0	1.001983	276	0	266
61.0	1.001983	237	0	231
62.0	1.001983	231	0	242
63.0	1.001983	224	0	218
64.0	1.001983	212	0	200
65.0	1.001983	195	0	190
66.0	1.001983	193	0	173
67.0	1.001983	173	0	182
68.0	1.001983	173	0	172
69.0	1.001983	153	0	154
70.0	1.001983	174	0	154
71.0	1.001983	150	0	159
72.0	1.001983	154	0	152
73.0	1.001983	129	0	140
74.0	1.001983	154	0	135
75.0	1.001983	129	0	139
76.0	1.001983	130	0	124
77.0	1.001983	124	0	109
78.0	1.001983	117	0	120
79.0	1.001983	93	0	91
80.0	1.001983	90	0	99
81.0	1.001983	98	0	87
82.0	1.001983	91	0	92
83.0	1.001983	92	0	95
84.0	1.001983	88	0	79
85.0	1.001983	80	0	92
86.0	1.001983	98	0	95
87.0	1.001983	87	0	99
88.0	1.001983	93	0	90
89.0	1.001983	106	0	87
90.0	1.001983	74	0	77
91.0	1.001983	73	0	56
92.0	1.001983	57	0	59
93.0	1.001983	61	0	69
94.0	1.001983	65	0	50
95.0	1.001983	61	0	66
96.0	1.001983	58	0	71
97.0	1.001983	65	0	49
98.0	1.001983	61	0	68
99.0	1.001983	56	0	56
100.0	1.001983	49	0	49
101.0	0	71	0	67
102.0	0	51	0	44
103.0	0	50	0	51
104.0	0	44	0	53
105.0	0	43	0	41
106.0	0	46	0	41
107.0	0	40	0	45
108.0	0	43	0	38
109.0	0	41	0	51
110.0	0	56	0	44
111.0	0	43	0	39
112.0	0	44	0	43
113.0	0	37	0	38
114.0	0	36	0	31
115.0	0	33	0	41
116.0	0	37	0	31
117.0	0	33	0	42
118.0	0	35	0	25
119.0	0	29	0	34
120.0	0	29	0	28
121.0	0	35	0	35
122.0	0	29	0	19
123.0	0	36	0	43
124.0	0	30	0	24
125.0	0	27	0	29
126.0	0	17	0	21
127.0	0	29	0	27
128.0	0	33	0	23
129.0	0	24	0	31
130.0	0	32	0	32
131.0	0	23	0	20
132.0	0	21	0	22
133.0	0	25	0	26
134.0	0	15	0	13
135.0	0	25	0	27
136.0	0	26	0	20
137.0	0	24	0	24
138.0	0	16	0	25
139.0	0	29	0	25
140.0	0	20	0	22
141.0	0	22	0	26
142.0	0	27	0	23
143.0	0	22	0	20
144.0	0	20	0	18
145.0	0	18	0	17
146.0	0	18	0	24
147.0	0	17	0	15
148.0	0	17	0	17
149.0	0	21	0	21
150.0	0	21	0	9
151.0	0	9	0	9
152.0	0	14	0	16
153.0	0	14	0	13
154.0	0	15	0	18
155.0	0	17	0	14
156.0	0	19	0	15
157.0	0	13	0	18
158.0	0	13	0	18
159.0	0	22	0	16
160.0	0	7	0	11
161.0	0	18	0	16
162.0	0	17	0	18
163.0	0	16	0	15
164.0	0	16	0	11
165.0	0	13	0	19
166.0	0	16	0	18
167.0	0	15	0	12
168.0	0	11	0	18
169.0	0	16	0	13
170.0	0	14	0	10
171.0	0	11	0	16
172.0	0	21	0	15
173.0	0	16	0	9
174.0	0	13	0	9
175.0	0	7	0	11
176.0	0	6	0	5
177.0	0	7	0	8
178.0	0	6	0	11
179.0	0	17	0	12
180.0	0	7	0	8
181.0	0	11	0	14
182.0	0	9	0	8
183.0	0	6	0	9
184.0	0	15	0	15
185.0	0	13	0	11
186.0	0	3	0	7
187.0	0	14	0	12
188.0	0	10	0	13
189.0	0	15	0	11
190.0	0	13	0	7
191.0	0	7	0	9
192.0	0	7	0	10
193.0	0	9	0	2
194.0	0	7	0	7
195.0	0	3	0	6
196.0	0	9	0	11
197.0	0	5	0	5
198.0	0	8	0	7
199.0	0	11	0	6
200.0	0	6	0	9
201.0	0	7	0	12
202.0	0	7	0	12
203.0	0	14	0	12
204.0	0	9	0	5
205.0	0	9	0	3
206.0	0	8	0	10
207.0	0	8	0	9
208.0	0	6	0	7
209.0	0	7	0	7
210.0	0	4	0	7
211.0	0	8	0	7
212.0	0	7	0	4
213.0	0	6	0	7
214.0	0	9	0	10
215.0	0	7	0	3
216.0	0	8	0	2
217.0	0	2	0	10
218.0	0	6	0	9
219.0	0	9	0	7
220.0	0	6	0	2
221.0	0	11	0	7
222.0	0	1	0	7
223.0	0	6	0	7
224.0	0	8	0	8
225.0	0	4	0	7
226.0	0	10	0	7
227.0	0	6	0	3
228.0	0	4	0	7
229.0	0	7	0	10
230.0	0	5	0	4
231.0	0	3	0	1
232.0	0	5	0	4
233.0	0	4	0	4
234.0	0	3	0	6
235.0	0	9	0	3
236.0	0	3	0	5
237.0	0	10	0	5
238.0	0	5	0	6
239.0	0	3	0	8
240.0	0	3	0	3
241.0	0	3	0	3
242.0	0	6	0	5
243.0	0	7	0	6
244.0	0	4	0	2
245.0	0	3	0	3
246.0	0	5	0	6
247.0	0	6	0	9
248.0	0	4	0	5
249.0	0	7	0	4
250.0	0	2	0	4
251.0	0	4	0	6
252.0	0	5	0	4
253.0	0	3	0	6
254.0	0	6	0	3
255.0	0	5	0	4
256.0	0	6	0	7
257.0	0	2	0	2
258.0	0	3	0	2
259.0	0	10	0	5
260.0	0	2	0	3
261.0	0	3	0	3
262.0	0	4	0	4
263.0	0	4	0	6
264.0	0	4	0	3
265.0	0	2	0	3
266.0	0	4	0	5
267.0	0	3	0	1
268.0	0	5	0	3
269.0	0	4	0	7
270.0	0	2	0	6
271.0	0	5	0	2
272.0	0	5	0	3
273.0	0	3	0	4
274.0	0	2	0	2
275.0	0	2	0	3
276.0	0	0	0	5
277.0	0	8	0	5
278.0	0	6	0	0
279.0	0	3	0	8
280.0	0	6	0	3
281.0	0	7	0	2
282.0	0	0	0	4
283.0	0	4	0	1
284.0	0	3	0	4
285.0	0	3	0	6
286.0	0	1	0	2
287.0	0	2	0	0
288.0	0	2	0	4
289.0	0	7	0	6
290.0	0	1	0	6
291.0	0	8	0	4
292.0	0	4	0	0
293.0	0	2	0	2
294.0	0	2	0	4
295.0	0	3	0	6
296.0	0	7	0	4
297.0	0	2	0	4
298.0	0	4	0	3
299.0	0	3	0	3
300.0	0	5	0	3
301.0	0	2	0	0
302.0	0	2	0	3
303.0	0	3	0	1
304.0	0	1	0	3
305.0	0	2	0	4
306.0	0	3	0	0
307.0	0	2	0	1
308.0	0	2	0	3
309.0	0	2	0	3
310.0	0	2	0	1
311.0	0	2	0	2
312.0	0	2	0	2
313.0	0	3	0	1
314.0	0	1	0	3
315.0	0	3	0	4
316.0	0	1	0	4
317.0	0	4	0	2
318.0	0	4	0	3
319.0	0	0	0	1
320.0	0	2	0	5
321.0	0	3	0	2
322.0	0	4	0	4
323.0	0	3	0	3
324.0	0	5	0	2
325.0	0	3	0	1
326.0	0	5	0	4
327.0	0	1	0	2
328.0	0	1	0	1
329.0	0	2	0	2
330.0	0	1	0	3
331.0	0	1	0	2
332.0	0	2	0	5
333.0	0	3	0	2
334.0	0	3	0	2
335.0	0	1	0	2
336.0	0	1	0	0
337.0	0	2	0	0
338.0	0	3	0	4
339.0	0	3	0	1
340.0	0	1	0	4
341.0	0	2	0	1
342.0	0	2	0	5
343.0	0	5	0	3
344.0	0	1	0	2
345.0	0	4	0	1
346.0	0	2	0	2
347.0	0	3	0	2
348.0	0	1	0	2
349.0	0	1	0	0
350.0	0	2	0	1
351.0	0	1	0	1
352.0	0	1	0	1
353.0	0	0	0	2
355.0	0	2	0	0
356.0	0	0	0	2
357.0	0	4	0	3
358.0	0	2	0	0
359.0	0	0	0	3
360.0	0	2	0	5
361.0	0	2	0	0
362.0	0	2	0	2
363.0	0	0	0	1
364.0	0	2	0	1
365.0	0	2	0	2
366.0	0	2	0	0
367.0	0	4	0	2
368.0	0	1	0	0
369.0	0	1	0	0
372.0	0	0	0	2
373.0	0	0	0	2
374.0	0	0	0	2
375.0	0	3	0	0
376.0	0	1	0	2
377.0	0	1	0	2
378.0	0	2	0	3
379.0	0	2	0	1
380.0	0	1	0	0
381.0	0	5	0	1
382.0	0	0	0	2
383.0	0	1	0	0
384.0	0	1	0	1
385.0	0	1	0	2
387.0	0	1	0	0
388.0	0	0	0	1
389.0	0	0	0	1
390.0	0	1	0	1
391.0	0	1	0	2
392.0	0	3	0	2
393.0	0	1	0	1
394.0	0	1	0	1
395.0	0	2	0	1
396.0	0	0	0	1
397.0	0	2	0	2
398.0	0	1	0	0
399.0	0	1	0	0
400.0	0	1	0	0
401.0	0	0	0	2
402.0	0	2	0	1
404.0	0	0	0	1
405.0	0	0	0	1
406.0	0	0	0	2
407.0	0	1	0	1
408.0	0	2	0	1
409.0	0	1	0	0
410.0	0	2	0	1
411.0	0	1	0	1
412.0	0	1	0	1
413.0	0	0	0	1
414.0	0	1	0	0
415.0	0	0	0	1
416.0	0	0	0	1
417.0	0	2	0	3
419.0	0	2	0	0
420.0	0	1	0	2
421.0	0	2	0	2
422.0	0	2	0	0
423.0	0	0	0	1
424.0	0	1	0	1
425.0	0	0	0	1
426.0	0	0	0	1
427.0	0	3	0	2
428.0	0	0	0	1
429.0	0	1	0	0
430.0	0	2	0	1
432.0	0	2	0	1
433.0	0	0	0	1
434.0	0	1	0	1
435.0	0	1	0	0
436.0	0	0	0	1
437.0	0	2	0	1
438.0	0	1	0	1
439.0	0	0	0	1
440.0	0	1	0	2
442.0	0	1	0	0
443.0	0	1	0	1
444.0	0	0	0	3
446.0	0	0	0	1
447.0	0	2	0	0
448.0	0	1	0	1
449.0	0	1	0	0
450.0	0	2	0	1
451.0	0	0	0	2
452.0	0	1	0	0
453.0	0	2	0	1
454.0	0	0	0	1
455.0	0	1	0	0
458.0	0	1	0	1
459.0	0	1	0	0
460.0	0	0	0	3
461.0	0	2	0	1
462.0	0	2	0	0
463.0	0	1	0	1
466.0	0	0	0	1
469.0	0	2	0	0
470.0	0	1	0	1
471.0	0	0	0	1
474.0	0	1	0	1
475.0	0	1	0	1
477.0	0	0	0	1
479.0	0	1	0	1
480.0	0	1	0	0
482.0	0	0	0	1
483.0	0	1	0	0
484.0	0	1	0	0
485.0	0	1	0	1
487.0	0	0	0	1
489.0	0	1	0	1
490.0	0	1	0	0
491.0	0	0	0	1
492.0	0	1	0	1
494.0	0	0	0	1
495.0	0	0	0	2
496.0	0	2	0	0
497.0	0	3	0	1
499.0	0	0	0	1
500.0	0	0	0	2
501.0	0	1	0	0
502.0	0	1	0	1
503.0	0	1	0	0
504.0	0	0	0	1
505.0	0	0	0	2
506.0	0	1	0	2
507.0	0	1	0	0
508.0	0	1	0	0
509.0	0	1	0	0
510.0	0	1	0	0
511.0	0	1	0	0
512.0	0	0	0	1
513.0	0	1	0	1
514.0	0	1	0	0
516.0	0	0	0	1
517.0	0	1	0	0
519.0	0	1	0	1
521.0	0	1	0	0
522.0	0	0	0	1
524.0	0	0	0	1
527.0	0	1	0	0
528.0	0	0	0	1
529.0	0	1	0	1
530.0	0	1	0	1
532.0	0	1	0	0
533.0	0	1	0	1
534.0	0	1	0	0
536.0	0	0	0	1
538.0	0	0	0	2
539.0	0	1	0	0
540.0	0	1	0	0
545.0	0	1	0	1
546.0	0	0	0	1
547.0	0	0	0	1
548.0	0	1	0	1
549.0	0	1	0	0
550.0	0	1	0	0
551.0	0	1	0	0
553.0	0	0	0	1
554.0	0	1	0	0
556.0	0	0	0	1
557.0	0	0	0	1
559.0	0	0	0	4
560.0	0	1	0	0
561.0	0	2	0	0
562.0	0	2	0	1
563.0	0	0	0	1
565.0	0	1	0	0
566.0	0	1	0	0
570.0	0	0	0	1
573.0	0	1	0	0
574.0	0	0	0	1
580.0	0	0	0	1
581.0	0	2	0	0
583.0	0	0	0	1
584.0	0	1	0	1
588.0	0	1	0	0
597.0	0	0	0	1
599.0	0	1	0	0
600.0	0	0	0	1
601.0	0	0	0	1
602.0	0	0	0	1
603.0	0	1	0	0
606.0	0	2	0	0
612.0	0	1	0	0
613.0	0	0	0	1
615.0	0	0	0	2
618.0	0	1	0	1
619.0	0	1	0	0
623.0	0	2	0	0
624.0	0	0	0	3
625.0	0	2	0	1
629.0	0	1	0	2
630.0	0	1	0	0
631.0	0	1	0	0
632.0	0	1	0	0
635.0	0	0	0	1
636.0	0	0	0	2
639.0	0	3	0	1
642.0	0	1	0	0
645.0	0	0	0	1
646.0	0	0	0	1
647.0	0	1	0	0
649.0	0	1	0	0
653.0	0	0	0	1
654.0	0	0	0	1
656.0	0	0	0	1
657.0	0	1	0	0
662.0	0	0	0	1
663.0	0	1	0	0
667.0	0	1	0	0
668.0	0	0	0	1
671.0	0	1	0	1
672.0	0	1	0	0
674.0	0	1	0	0
679.0	0	0	0	1
687.0	0	0	0	1
688.0	0	1	0	0
690.0	0	1	0	1
691.0	0	0	0	1
692.0	0	2	0	0
693.0	0	0	0	1
695.0	0	1	0	0
700.0	0	0	0	1
703.0	0	1	0	0
711.0	0	0	0	1
713.0	0	1	0	0
720.0	0	0	0	1
721.0	0	0	0	1
722.0	0	0	0	1
724.0	0	0	0	1
726.0	0	2	0	0
727.0	0	1	0	1
730.0	0	1	0	0
734.0	0	1	0	0
737.0	0	0	0	1
738.0	0	0	0	1
742.0	0	1	0	0
747.0	0	1	0	1
753.0	0	1	0	0
759.0	0	0	0	1
761.0	0	0	0	1
763.0	0	0	0	1
765.0	0	1	0	0
767.0	0	0	0	1
769.0	0	1	0	0
770.0	0	2	0	0
777.0	0	0	0	1
781.0	0	1	0	0
788.0	0	0	0	1
791.0	0	1	0	0
792.0	0	0	0	1
798.0	0	1	0	0
802.0	0	0	0	1
804.0	0	1	0	0
816.0	0	0	0	1
817.0	0	0	0	1
819.0	0	1	0	0
825.0	0	1	0	0
830.0	0	0	0	1
833.0	0	1	0	0
854.0	0	0	0	1
857.0	0	1	0	0
863.0	0	0	0	1
865.0	0	0	0	1
866.0	0	1	0	0
869.0	0	1	0	0
873.0	0	0	0	1
874.0	0	0	0	1
879.0	0	1	0	1
884.0	0	2	0	0
885.0	0	0	0	1
899.0	0	1	0	1
900.0	0	1	0	0
903.0	0	0	0	1
909.0	0	0	0	1
910.0	0	1	0	0
916.0	0	1	0	0
919.0	0	0	0	1
923.0	0	1	0	0
949.0	0	0	0	1
953.0	0	1	0	0
956.0	0	0	0	1
959.0	0	1	0	0
966.0	0	0	0	2
975.0	0	2	0	0
982.0	0	0	0	1
984.0	0	0	0	1
987.0	0	1	0	0
1002.0	0	1	0	0
1004.0	0	0	0	1
1009.0	0	0	0	1
1010.0	0	0	0	1
1011.0	0	1	0	0
1012.0	0	1	0	0
1015.0	0	1	0	0
1051.0	0	0	0	1
1054.0	0	1	0	0
1059.0	0	0	0	1
1067.0	0	1	0	0
1081.0	0	0	0	1
1087.0	0	1	0	0
1115.0	0	0	0	1
1134.0	0	1	0	0
1136.0	0	0	0	1
1141.0	0	1	0	0
1182.0	0	0	0	1
1187.0	0	1	0	0
1211.0	0	0	0	1
1218.0	0	1	0	0
1221.0	0	0	0	1
1229.0	0	1	0	0
1233.0	0	0	0	1
1245.0	0	1	0	0
1263.0	0	0	0	1
1264.0	0	0	0	1
1265.0	0	1	0	0
1268.0	0	0	0	1
1273.0	0	1	0	0
1275.0	0	1	0	0
1280.0	0	0	0	1
1285.0	0	1	0	0
1298.0	0	0	0	1
1313.0	0	1	0	0
1317.0	0	0	0	2
1321.0	0	1	0	0
1328.0	0	1	0	0
1339.0	0	0	0	1
1345.0	0	1	0	0
1385.0	0	0	0	1
1393.0	0	1	0	0
1401.0	0	0	0	1
1412.0	0	1	0	0
1479.0	0	0	0	1
1490.0	0	1	0	0
1514.0	0	0	0	1
1528.0	0	1	0	0
1548.0	0	0	0	1
1563.0	0	1	0	0
1862.0	0	0	0	1
1870.0	0	1	0	0
2178.0	0	0	0	1
2195.0	0	1	0	0
2607.0	0	0	0	1
2628.0	0	1	0	0
2899.0	0	0	0	1
2921.0	0	1	0	0

