## htsjdk.samtools.metrics.StringHeader
# MarkDuplicates INPUT=[/beegfs/scratch/ric.sessa/kubacki.michal/SRF_Eva_top/Eva_submission/SRF_Eva_Cut_and_Tag/results/04_filtered/TES-3_with_rg.bam] OUTPUT=/beegfs/scratch/ric.sessa/kubacki.michal/SRF_Eva_top/Eva_submission/SRF_Eva_Cut_and_Tag/results/04_filtered/TES-3_dedup.bam METRICS_FILE=/beegfs/scratch/ric.sessa/kubacki.michal/SRF_Eva_top/Eva_submission/SRF_Eva_Cut_and_Tag/results/04_filtered/TES-3_dedup_metrics.txt REMOVE_DUPLICATES=false ASSUME_SORTED=true CREATE_INDEX=true    MAX_SEQUENCES_FOR_DISK_READ_ENDS_MAP=50000 MAX_FILE_HANDLES_FOR_READ_ENDS_MAP=8000 SORTING_COLLECTION_SIZE_RATIO=0.25 TAG_DUPLICATE_SET_MEMBERS=false REMOVE_SEQUENCING_DUPLICATES=false TAGGING_POLICY=DontTag CLEAR_DT=true DUPLEX_UMI=false FLOW_MODE=false FLOW_DUP_STRATEGY=FLOW_QUALITY_SUM_STRATEGY FLOW_USE_END_IN_UNPAIRED_READS=false FLOW_USE_UNPAIRED_CLIPPED_END=false FLOW_UNPAIRED_END_UNCERTAINTY=0 FLOW_UNPAIRED_START_UNCERTAINTY=0 FLOW_SKIP_FIRST_N_FLOWS=0 FLOW_Q_IS_KNOWN_END=false FLOW_EFFECTIVE_QUALITY_THRESHOLD=15 ADD_PG_TAG_TO_READS=true DUPLICATE_SCORING_STRATEGY=SUM_OF_BASE_QUALITIES PROGRAM_RECORD_ID=MarkDuplicates PROGRAM_GROUP_NAME=MarkDuplicates READ_NAME_REGEX=<optimized capture of last three ':' separated fields as numeric values> OPTICAL_DUPLICATE_PIXEL_DISTANCE=100 MAX_OPTICAL_DUPLICATE_SET_SIZE=300000 VERBOSITY=INFO QUIET=false VALIDATION_STRINGENCY=STRICT COMPRESSION_LEVEL=5 MAX_RECORDS_IN_RAM=500000 CREATE_MD5_FILE=false USE_JDK_DEFLATER=false USE_JDK_INFLATER=false
## htsjdk.samtools.metrics.StringHeader
# Started on: Tue Mar 03 15:03:01 CET 2026

## METRICS CLASS	picard.sam.DuplicationMetrics
LIBRARY	UNPAIRED_READS_EXAMINED	READ_PAIRS_EXAMINED	SECONDARY_OR_SUPPLEMENTARY_RDS	UNMAPPED_READS	UNPAIRED_READ_DUPLICATES	READ_PAIR_DUPLICATES	READ_PAIR_OPTICAL_DUPLICATES	PERCENT_DUPLICATION	ESTIMATED_LIBRARY_SIZE
lib1	0	53243879	0	31671634	0	31787860	1124432	0.597024	24301973

## HISTOGRAM	java.lang.Double
BIN	CoverageMult	all_sets	optical_sets	non_optical_sets
1.0	1.005997	11519816	0	11990678
2.0	1.118481	4779958	802962	4527811
3.0	1.131058	2321173	86513	2206076
4.0	1.132464	1190586	18347	1143539
5.0	1.132621	625902	6138	603177
6.0	1.132639	335694	2818	323469
7.0	1.132641	185944	1552	179182
8.0	1.132641	109680	1039	105827
9.0	1.132641	68594	671	66142
10.0	1.132641	46972	485	45340
11.0	1.132641	33828	331	33009
12.0	1.132641	25793	274	24786
13.0	1.132641	20296	206	19784
14.0	1.132641	16517	160	16005
15.0	1.132641	13865	118	13510
16.0	1.132641	11672	92	11422
17.0	1.132641	10066	94	9800
18.0	1.132641	8706	55	8482
19.0	1.132641	7747	53	7547
20.0	1.132641	6811	40	6770
21.0	1.132641	6192	40	5944
22.0	1.132641	5409	31	5259
23.0	1.132641	4804	26	4664
24.0	1.132641	4541	21	4461
25.0	1.132641	4094	19	4010
26.0	1.132641	3743	15	3622
27.0	1.132641	3421	19	3356
28.0	1.132641	3185	13	3078
29.0	1.132641	2979	17	2907
30.0	1.132641	2780	11	2751
31.0	1.132641	2533	6	2465
32.0	1.132641	2404	10	2372
33.0	1.132641	2289	7	2248
34.0	1.132641	2185	13	2119
35.0	1.132641	1948	2	1948
36.0	1.132641	1946	3	1878
37.0	1.132641	1799	5	1744
38.0	1.132641	1698	4	1614
39.0	1.132641	1600	6	1533
40.0	1.132641	1450	6	1464
41.0	1.132641	1417	1	1346
42.0	1.132641	1334	6	1282
43.0	1.132641	1276	4	1292
44.0	1.132641	1235	2	1209
45.0	1.132641	1193	6	1164
46.0	1.132641	1135	3	1111
47.0	1.132641	1065	1	1008
48.0	1.132641	1094	2	1081
49.0	1.132641	993	3	961
50.0	1.132641	942	6	899
51.0	1.132641	888	1	883
52.0	1.132641	895	0	871
53.0	1.132641	807	0	835
54.0	1.132641	848	1	841
55.0	1.132641	823	0	762
56.0	1.132641	746	2	725
57.0	1.132641	777	0	713
58.0	1.132641	710	2	699
59.0	1.132641	669	0	674
60.0	1.132641	684	0	646
61.0	1.132641	632	0	673
62.0	1.132641	634	2	620
63.0	1.132641	620	1	569
64.0	1.132641	528	0	548
65.0	1.132641	528	0	550
66.0	1.132641	539	1	532
67.0	1.132641	551	1	534
68.0	1.132641	489	0	490
69.0	1.132641	488	1	470
70.0	1.132641	488	2	459
71.0	1.132641	513	0	489
72.0	1.132641	457	0	416
73.0	1.132641	423	1	414
74.0	1.132641	434	0	436
75.0	1.132641	433	0	438
76.0	1.132641	406	1	439
77.0	1.132641	413	0	390
78.0	1.132641	407	0	408
79.0	1.132641	404	1	363
80.0	1.132641	390	0	374
81.0	1.132641	368	0	335
82.0	1.132641	352	0	348
83.0	1.132641	335	0	330
84.0	1.132641	314	0	318
85.0	1.132641	324	0	318
86.0	1.132641	329	0	329
87.0	1.132641	296	0	298
88.0	1.132641	314	0	295
89.0	1.132641	314	0	330
90.0	1.132641	292	0	302
91.0	1.132641	313	0	310
92.0	1.132641	285	1	264
93.0	1.132641	271	0	266
94.0	1.132641	265	0	256
95.0	1.132641	272	0	261
96.0	1.132641	261	0	267
97.0	1.132641	240	0	234
98.0	1.132641	252	0	242
99.0	1.132641	244	0	232
100.0	1.132641	246	1	223
101.0	0	223	0	235
102.0	0	238	0	245
103.0	0	234	0	208
104.0	0	235	0	218
105.0	0	192	0	204
106.0	0	201	0	213
107.0	0	234	0	224
108.0	0	199	1	208
109.0	0	187	0	202
110.0	0	228	0	217
111.0	0	183	0	181
112.0	0	199	0	174
113.0	0	189	0	200
114.0	0	187	0	169
115.0	0	182	0	185
116.0	0	157	1	173
117.0	0	188	0	187
118.0	0	166	0	164
119.0	0	203	0	186
120.0	0	179	0	148
121.0	0	160	0	172
122.0	0	149	0	145
123.0	0	159	0	131
124.0	0	143	0	134
125.0	0	146	0	152
126.0	0	139	0	140
127.0	0	141	0	141
128.0	0	129	0	155
129.0	0	133	0	129
130.0	0	146	0	167
131.0	0	170	0	132
132.0	0	139	0	138
133.0	0	143	0	121
134.0	0	124	0	146
135.0	0	152	1	143
136.0	0	127	0	138
137.0	0	135	0	123
138.0	0	128	0	115
139.0	0	116	0	121
140.0	0	119	0	96
141.0	0	89	0	102
142.0	0	120	0	124
143.0	0	108	0	101
144.0	0	110	0	118
145.0	0	114	0	90
146.0	0	104	0	108
147.0	0	102	0	110
148.0	0	122	0	119
149.0	0	95	0	84
150.0	0	92	0	88
151.0	0	95	0	91
152.0	0	113	0	91
153.0	0	73	0	82
154.0	0	89	0	80
155.0	0	100	0	109
156.0	0	93	0	91
157.0	0	93	0	87
158.0	0	92	0	80
159.0	0	90	0	86
160.0	0	87	0	89
161.0	0	74	0	91
162.0	0	91	0	82
163.0	0	81	0	87
164.0	0	81	1	87
165.0	0	84	0	82
166.0	0	79	0	63
167.0	0	79	0	72
168.0	0	58	0	87
169.0	0	87	0	68
170.0	0	86	0	100
171.0	0	80	0	72
172.0	0	65	0	80
173.0	0	92	0	88
174.0	0	78	0	72
175.0	0	66	0	78
176.0	0	80	0	81
177.0	0	93	0	76
178.0	0	82	0	65
179.0	0	59	0	60
180.0	0	67	0	74
181.0	0	74	0	80
182.0	0	72	0	72
183.0	0	73	0	50
184.0	0	69	0	53
185.0	0	56	0	57
186.0	0	59	0	71
187.0	0	62	0	61
188.0	0	67	0	63
189.0	0	60	0	52
190.0	0	68	0	80
191.0	0	63	0	62
192.0	0	64	0	58
193.0	0	57	0	60
194.0	0	59	0	60
195.0	0	47	0	48
196.0	0	67	0	42
197.0	0	50	0	47
198.0	0	41	0	58
199.0	0	50	0	43
200.0	0	54	0	47
201.0	0	54	0	58
202.0	0	56	0	52
203.0	0	42	0	51
204.0	0	42	0	51
205.0	0	65	0	59
206.0	0	59	0	54
207.0	0	48	0	67
208.0	0	55	0	44
209.0	0	60	0	49
210.0	0	43	0	53
211.0	0	53	0	48
212.0	0	57	0	46
213.0	0	49	0	50
214.0	0	47	0	55
215.0	0	45	0	43
216.0	0	45	0	52
217.0	0	34	0	38
218.0	0	55	0	49
219.0	0	60	0	55
220.0	0	36	0	34
221.0	0	54	0	44
222.0	0	47	0	44
223.0	0	57	0	46
224.0	0	31	0	41
225.0	0	44	0	39
226.0	0	42	0	40
227.0	0	39	0	38
228.0	0	47	0	36
229.0	0	36	0	44
230.0	0	37	0	42
231.0	0	37	0	42
232.0	0	53	0	42
233.0	0	49	0	37
234.0	0	39	0	42
235.0	0	34	0	39
236.0	0	42	0	49
237.0	0	42	0	41
238.0	0	33	0	48
239.0	0	52	0	39
240.0	0	29	0	37
241.0	0	36	0	35
242.0	0	43	0	32
243.0	0	40	0	39
244.0	0	36	0	45
245.0	0	38	0	40
246.0	0	34	0	23
247.0	0	44	0	33
248.0	0	37	0	52
249.0	0	40	0	28
250.0	0	32	0	29
251.0	0	28	0	34
252.0	0	35	0	29
253.0	0	31	0	31
254.0	0	25	0	35
255.0	0	32	0	30
256.0	0	35	0	26
257.0	0	31	0	38
258.0	0	34	0	33
259.0	0	31	0	27
260.0	0	36	0	20
261.0	0	28	0	33
262.0	0	19	0	44
263.0	0	29	0	18
264.0	0	40	0	32
265.0	0	31	0	32
266.0	0	30	0	40
267.0	0	31	0	28
268.0	0	32	0	34
269.0	0	26	0	23
270.0	0	32	0	22
271.0	0	23	0	31
272.0	0	26	0	27
273.0	0	29	0	32
274.0	0	35	0	30
275.0	0	27	0	19
276.0	0	23	0	20
277.0	0	24	0	32
278.0	0	18	0	25
279.0	0	30	0	30
280.0	0	24	0	29
281.0	0	26	0	28
282.0	0	40	0	27
283.0	0	19	0	26
284.0	0	35	0	30
285.0	0	27	0	28
286.0	0	31	0	21
287.0	0	26	0	29
288.0	0	24	0	42
289.0	0	25	0	23
290.0	0	23	0	32
291.0	0	34	0	23
292.0	0	30	0	20
293.0	0	27	0	31
294.0	0	36	0	25
295.0	0	24	0	26
296.0	0	24	0	26
297.0	0	34	0	25
298.0	0	18	0	24
299.0	0	30	0	22
300.0	0	24	0	18
301.0	0	23	0	23
302.0	0	22	0	19
303.0	0	23	0	23
304.0	0	21	0	21
305.0	0	17	0	25
306.0	0	20	0	30
307.0	0	29	0	34
308.0	0	27	0	19
309.0	0	26	0	18
310.0	0	24	0	19
311.0	0	17	0	22
312.0	0	15	0	18
313.0	0	14	0	18
314.0	0	24	0	20
315.0	0	30	0	24
316.0	0	17	0	22
317.0	0	17	0	18
318.0	0	16	0	19
319.0	0	24	0	15
320.0	0	13	0	17
321.0	0	16	0	20
322.0	0	22	0	21
323.0	0	19	0	25
324.0	0	21	0	22
325.0	0	26	0	18
326.0	0	15	0	22
327.0	0	15	0	15
328.0	0	29	0	19
329.0	0	15	0	17
330.0	0	17	0	18
331.0	0	18	0	19
332.0	0	21	0	17
333.0	0	20	0	15
334.0	0	27	0	27
335.0	0	22	0	24
336.0	0	22	0	23
337.0	0	19	0	15
338.0	0	19	0	16
339.0	0	21	0	25
340.0	0	17	0	17
341.0	0	16	0	13
342.0	0	17	0	8
343.0	0	16	0	25
344.0	0	11	0	13
345.0	0	17	0	16
346.0	0	17	0	18
347.0	0	19	0	16
348.0	0	17	0	20
349.0	0	21	0	16
350.0	0	16	0	12
351.0	0	14	0	30
352.0	0	20	0	10
353.0	0	19	0	15
354.0	0	12	0	10
355.0	0	12	0	11
356.0	0	21	0	22
357.0	0	17	0	15
358.0	0	9	0	20
359.0	0	20	0	13
360.0	0	14	0	12
361.0	0	14	0	14
362.0	0	11	0	16
363.0	0	13	0	19
364.0	0	21	0	18
365.0	0	14	0	12
366.0	0	22	0	20
367.0	0	13	0	18
368.0	0	22	0	19
369.0	0	23	0	11
370.0	0	15	0	20
371.0	0	12	0	10
372.0	0	14	0	14
373.0	0	18	0	10
374.0	0	14	0	17
375.0	0	11	0	15
376.0	0	16	0	17
377.0	0	20	0	10
378.0	0	15	0	16
379.0	0	7	0	20
380.0	0	9	0	13
381.0	0	12	0	14
382.0	0	20	0	15
383.0	0	14	0	14
384.0	0	17	0	10
385.0	0	19	0	12
386.0	0	15	0	13
387.0	0	15	0	13
388.0	0	9	0	13
389.0	0	15	0	16
390.0	0	10	0	17
391.0	0	16	0	15
392.0	0	14	0	15
393.0	0	15	0	14
394.0	0	14	0	11
395.0	0	9	0	15
396.0	0	8	0	14
397.0	0	18	0	16
398.0	0	17	0	14
399.0	0	15	0	12
400.0	0	13	0	12
401.0	0	15	0	19
402.0	0	15	0	14
403.0	0	18	0	14
404.0	0	14	0	14
405.0	0	9	0	13
406.0	0	13	0	15
407.0	0	12	0	18
408.0	0	16	0	12
409.0	0	18	0	10
410.0	0	17	0	9
411.0	0	10	0	9
412.0	0	10	0	10
413.0	0	7	0	12
414.0	0	9	0	10
415.0	0	8	0	7
416.0	0	9	0	10
417.0	0	9	0	12
418.0	0	12	0	15
419.0	0	7	0	11
420.0	0	18	0	14
421.0	0	13	0	16
422.0	0	16	0	9
423.0	0	12	0	7
424.0	0	14	0	9
425.0	0	8	0	7
426.0	0	13	0	8
427.0	0	10	0	11
428.0	0	12	0	5
429.0	0	10	0	9
430.0	0	5	0	10
431.0	0	9	0	8
432.0	0	5	0	10
433.0	0	11	0	7
434.0	0	8	0	10
435.0	0	9	0	11
436.0	0	7	0	9
437.0	0	12	0	10
438.0	0	10	0	10
439.0	0	5	0	9
440.0	0	5	0	7
441.0	0	10	0	9
442.0	0	10	0	5
443.0	0	6	0	4
444.0	0	9	0	14
445.0	0	8	0	6
446.0	0	0	0	8
447.0	0	12	0	13
448.0	0	9	0	8
449.0	0	9	0	11
450.0	0	7	0	10
451.0	0	10	0	15
452.0	0	21	0	10
453.0	0	9	0	13
454.0	0	8	0	13
455.0	0	17	0	7
456.0	0	11	0	10
457.0	0	8	0	8
458.0	0	12	0	9
459.0	0	12	0	7
460.0	0	6	0	12
461.0	0	8	0	6
462.0	0	10	0	9
463.0	0	12	0	7
464.0	0	5	0	9
465.0	0	12	0	16
466.0	0	8	0	6
467.0	0	5	0	5
468.0	0	9	0	6
469.0	0	6	0	7
470.0	0	5	0	10
471.0	0	11	0	7
472.0	0	8	0	9
473.0	0	8	0	6
474.0	0	2	0	5
475.0	0	11	0	8
476.0	0	9	0	5
477.0	0	6	0	6
478.0	0	11	0	6
479.0	0	5	0	4
480.0	0	9	0	7
481.0	0	11	0	9
482.0	0	1	0	5
483.0	0	8	0	7
484.0	0	6	0	7
485.0	0	3	0	4
486.0	0	12	0	10
487.0	0	5	0	12
488.0	0	4	0	7
489.0	0	8	0	11
490.0	0	7	0	11
491.0	0	10	0	7
492.0	0	9	0	6
493.0	0	7	0	6
494.0	0	4	0	6
495.0	0	7	0	7
496.0	0	9	0	12
497.0	0	10	0	7
498.0	0	7	0	7
499.0	0	8	0	7
500.0	0	15	0	9
501.0	0	10	0	5
502.0	0	8	0	10
503.0	0	5	0	6
504.0	0	7	0	8
505.0	0	7	0	10
506.0	0	7	0	9
507.0	0	9	0	7
508.0	0	8	0	12
509.0	0	11	0	9
510.0	0	6	0	6
511.0	0	6	0	6
512.0	0	8	0	9
513.0	0	7	0	8
514.0	0	9	0	8
515.0	0	8	0	4
516.0	0	3	0	2
517.0	0	4	0	4
518.0	0	4	0	6
519.0	0	13	0	4
520.0	0	5	0	3
521.0	0	5	0	5
522.0	0	2	0	4
523.0	0	3	0	8
524.0	0	6	0	10
525.0	0	5	0	2
526.0	0	5	0	5
527.0	0	10	0	6
528.0	0	2	0	9
529.0	0	8	0	8
530.0	0	7	0	2
531.0	0	6	0	2
532.0	0	3	0	8
533.0	0	3	0	8
534.0	0	15	0	9
535.0	0	9	0	10
536.0	0	5	0	5
537.0	0	3	0	5
538.0	0	5	0	2
539.0	0	7	0	6
540.0	0	3	0	5
541.0	0	9	0	2
542.0	0	7	0	7
543.0	0	4	0	4
544.0	0	5	0	5
545.0	0	4	0	8
546.0	0	4	0	5
547.0	0	6	0	7
548.0	0	5	0	5
549.0	0	9	0	2
550.0	0	6	0	6
551.0	0	4	0	1
552.0	0	5	0	6
553.0	0	4	0	8
554.0	0	6	0	4
555.0	0	5	0	7
556.0	0	6	0	6
557.0	0	2	0	11
558.0	0	7	0	4
559.0	0	6	0	7
560.0	0	3	0	8
561.0	0	11	0	4
562.0	0	6	0	8
563.0	0	9	0	6
564.0	0	4	0	5
565.0	0	8	0	6
566.0	0	4	0	4
567.0	0	9	0	7
568.0	0	7	0	5
569.0	0	4	0	3
570.0	0	2	0	6
571.0	0	10	0	5
572.0	0	8	0	6
573.0	0	4	0	2
574.0	0	3	0	2
575.0	0	3	0	1
576.0	0	3	0	6
577.0	0	4	0	6
578.0	0	2	0	8
579.0	0	4	0	3
580.0	0	4	0	2
581.0	0	7	0	4
582.0	0	7	0	8
583.0	0	5	0	7
584.0	0	5	0	4
585.0	0	3	0	3
586.0	0	7	0	9
587.0	0	2	0	5
588.0	0	6	0	4
589.0	0	5	0	3
590.0	0	4	0	5
591.0	0	2	0	2
592.0	0	1	0	6
593.0	0	3	0	5
594.0	0	7	0	3
595.0	0	5	0	8
596.0	0	4	0	5
597.0	0	3	0	6
598.0	0	4	0	7
599.0	0	7	0	3
600.0	0	10	0	4
601.0	0	3	0	1
602.0	0	5	0	7
603.0	0	5	0	1
604.0	0	5	0	3
605.0	0	3	0	3
606.0	0	3	0	2
607.0	0	6	0	11
608.0	0	6	0	5
609.0	0	4	0	2
610.0	0	5	0	2
611.0	0	3	0	7
612.0	0	2	0	5
613.0	0	5	0	2
614.0	0	4	0	4
615.0	0	5	0	5
616.0	0	3	0	3
617.0	0	3	0	4
618.0	0	7	0	7
619.0	0	6	0	4
620.0	0	8	0	4
621.0	0	1	0	3
622.0	0	2	0	6
623.0	0	5	0	4
624.0	0	5	0	1
625.0	0	3	0	4
626.0	0	1	0	3
627.0	0	5	0	2
628.0	0	1	0	6
629.0	0	6	0	6
630.0	0	4	0	7
631.0	0	5	0	3
632.0	0	3	0	10
633.0	0	2	0	9
634.0	0	6	0	5
635.0	0	6	0	4
636.0	0	8	0	3
637.0	0	6	0	4
638.0	0	4	0	1
639.0	0	6	0	1
640.0	0	6	0	2
641.0	0	4	0	3
642.0	0	4	0	2
643.0	0	0	0	1
644.0	0	0	0	2
645.0	0	3	0	2
646.0	0	2	0	3
647.0	0	4	0	6
648.0	0	5	0	5
649.0	0	1	0	2
650.0	0	4	0	6
651.0	0	2	0	0
652.0	0	4	0	5
653.0	0	5	0	3
654.0	0	3	0	8
655.0	0	4	0	4
656.0	0	2	0	5
657.0	0	5	0	2
658.0	0	7	0	1
659.0	0	5	0	3
660.0	0	6	0	4
661.0	0	2	0	4
662.0	0	3	0	4
663.0	0	1	0	3
664.0	0	6	0	3
665.0	0	6	0	0
666.0	0	1	0	4
667.0	0	3	0	1
668.0	0	3	0	6
669.0	0	4	0	1
670.0	0	3	0	2
671.0	0	2	0	3
672.0	0	2	0	5
673.0	0	1	0	3
674.0	0	3	0	3
675.0	0	3	0	4
676.0	0	3	0	4
677.0	0	5	0	8
678.0	0	5	0	2
679.0	0	1	0	5
680.0	0	4	0	0
681.0	0	2	0	3
682.0	0	3	0	7
683.0	0	3	0	4
684.0	0	5	0	4
685.0	0	5	0	3
686.0	0	4	0	3
687.0	0	4	0	4
688.0	0	3	0	5
689.0	0	5	0	6
690.0	0	2	0	3
691.0	0	2	0	2
692.0	0	3	0	1
693.0	0	2	0	4
694.0	0	6	0	2
695.0	0	4	0	5
696.0	0	2	0	1
697.0	0	1	0	5
698.0	0	3	0	3
699.0	0	4	0	3
700.0	0	4	0	4
701.0	0	6	0	5
702.0	0	2	0	4
703.0	0	5	0	7
704.0	0	5	0	6
705.0	0	3	0	5
706.0	0	8	0	5
707.0	0	1	0	2
708.0	0	3	0	1
709.0	0	3	0	4
710.0	0	5	0	4
711.0	0	4	0	3
712.0	0	7	0	4
713.0	0	1	0	2
714.0	0	6	0	2
715.0	0	2	0	2
716.0	0	3	0	0
717.0	0	4	0	3
718.0	0	3	0	2
719.0	0	2	0	3
720.0	0	1	0	2
721.0	0	1	0	4
722.0	0	4	0	1
723.0	0	9	0	4
724.0	0	2	0	5
725.0	0	4	0	0
726.0	0	4	0	5
727.0	0	0	0	4
728.0	0	0	0	1
729.0	0	2	0	2
730.0	0	1	0	6
731.0	0	3	0	2
732.0	0	5	0	4
733.0	0	6	0	0
734.0	0	0	0	5
735.0	0	0	0	1
736.0	0	2	0	5
737.0	0	5	0	1
738.0	0	4	0	4
739.0	0	3	0	2
740.0	0	4	0	4
741.0	0	3	0	1
742.0	0	3	0	2
743.0	0	0	0	1
744.0	0	4	0	3
745.0	0	0	0	3
746.0	0	3	0	3
747.0	0	3	0	4
748.0	0	4	0	1
749.0	0	1	0	2
750.0	0	4	0	3
751.0	0	2	0	1
752.0	0	1	0	1
753.0	0	5	0	5
754.0	0	4	0	2
755.0	0	1	0	3
756.0	0	1	0	2
757.0	0	4	0	0
758.0	0	2	0	1
759.0	0	2	0	1
760.0	0	1	0	2
761.0	0	2	0	5
762.0	0	1	0	4
763.0	0	0	0	6
764.0	0	1	0	1
765.0	0	8	0	2
766.0	0	3	0	1
767.0	0	3	0	4
768.0	0	0	0	1
769.0	0	3	0	4
770.0	0	2	0	1
771.0	0	3	0	2
772.0	0	4	0	4
773.0	0	0	0	3
774.0	0	1	0	3
775.0	0	3	0	1
776.0	0	2	0	2
777.0	0	4	0	4
778.0	0	2	0	2
779.0	0	0	0	1
780.0	0	6	0	3
781.0	0	4	0	2
782.0	0	1	0	1
783.0	0	5	0	1
784.0	0	1	0	1
785.0	0	2	0	4
786.0	0	1	0	1
787.0	0	2	0	2
788.0	0	2	0	2
789.0	0	1	0	1
790.0	0	4	0	4
791.0	0	2	0	4
792.0	0	5	0	4
793.0	0	2	0	2
794.0	0	0	0	2
795.0	0	0	0	2
796.0	0	1	0	1
797.0	0	4	0	1
798.0	0	3	0	2
799.0	0	1	0	4
800.0	0	0	0	1
801.0	0	1	0	2
802.0	0	0	0	3
803.0	0	2	0	2
804.0	0	2	0	2
805.0	0	0	0	2
806.0	0	1	0	1
807.0	0	4	0	0
808.0	0	7	0	1
809.0	0	3	0	1
810.0	0	2	0	2
811.0	0	2	0	0
812.0	0	1	0	4
813.0	0	1	0	2
814.0	0	5	0	5
815.0	0	1	0	1
816.0	0	2	0	3
817.0	0	1	0	1
818.0	0	3	0	1
819.0	0	2	0	3
820.0	0	2	0	4
821.0	0	2	0	2
822.0	0	1	0	1
823.0	0	1	0	4
824.0	0	0	0	2
825.0	0	1	0	0
826.0	0	2	0	2
827.0	0	2	0	2
828.0	0	4	0	1
829.0	0	5	0	1
830.0	0	0	0	3
831.0	0	2	0	3
832.0	0	4	0	3
833.0	0	3	0	2
834.0	0	2	0	1
835.0	0	0	0	1
836.0	0	4	0	3
838.0	0	2	0	3
839.0	0	1	0	2
840.0	0	3	0	4
841.0	0	0	0	3
842.0	0	6	0	2
843.0	0	2	0	2
844.0	0	2	0	3
845.0	0	2	0	3
846.0	0	4	0	4
847.0	0	1	0	0
848.0	0	0	0	1
849.0	0	5	0	2
850.0	0	2	0	3
851.0	0	1	0	0
852.0	0	1	0	5
853.0	0	0	0	1
854.0	0	4	0	3
855.0	0	3	0	0
856.0	0	6	0	3
857.0	0	1	0	1
858.0	0	4	0	2
860.0	0	3	0	3
861.0	0	3	0	1
862.0	0	2	0	0
863.0	0	1	0	2
864.0	0	0	0	2
865.0	0	1	0	1
866.0	0	1	0	6
867.0	0	0	0	3
868.0	0	2	0	1
869.0	0	2	0	2
870.0	0	1	0	1
871.0	0	2	0	1
872.0	0	3	0	6
873.0	0	1	0	4
874.0	0	2	0	0
875.0	0	3	0	3
876.0	0	4	0	2
877.0	0	2	0	3
878.0	0	6	0	4
879.0	0	3	0	1
880.0	0	4	0	0
881.0	0	2	0	1
882.0	0	1	0	5
883.0	0	1	0	1
884.0	0	0	0	1
885.0	0	3	0	1
886.0	0	3	0	1
888.0	0	3	0	4
889.0	0	3	0	4
890.0	0	2	0	2
891.0	0	3	0	2
892.0	0	1	0	2
893.0	0	2	0	2
894.0	0	0	0	1
895.0	0	3	0	1
896.0	0	1	0	1
897.0	0	0	0	2
898.0	0	1	0	4
899.0	0	5	0	1
900.0	0	2	0	1
901.0	0	2	0	3
902.0	0	1	0	0
903.0	0	3	0	1
904.0	0	3	0	3
905.0	0	1	0	2
906.0	0	3	0	1
907.0	0	2	0	1
908.0	0	1	0	0
909.0	0	1	0	1
910.0	0	1	0	4
911.0	0	0	0	2
912.0	0	1	0	3
913.0	0	2	0	1
914.0	0	1	0	1
915.0	0	1	0	3
916.0	0	3	0	1
917.0	0	1	0	1
918.0	0	1	0	3
919.0	0	0	0	1
920.0	0	2	0	0
921.0	0	2	0	4
922.0	0	5	0	1
923.0	0	2	0	2
924.0	0	1	0	0
925.0	0	4	0	2
926.0	0	0	0	1
927.0	0	3	0	2
928.0	0	1	0	2
929.0	0	2	0	1
930.0	0	1	0	1
931.0	0	1	0	2
932.0	0	0	0	1
933.0	0	4	0	4
934.0	0	1	0	1
935.0	0	3	0	1
936.0	0	0	0	2
937.0	0	0	0	2
938.0	0	2	0	0
939.0	0	2	0	0
940.0	0	0	0	3
941.0	0	0	0	1
942.0	0	2	0	4
943.0	0	0	0	3
944.0	0	4	0	1
945.0	0	3	0	1
946.0	0	1	0	3
947.0	0	2	0	0
948.0	0	1	0	1
949.0	0	1	0	0
950.0	0	2	0	3
951.0	0	3	0	1
952.0	0	3	0	2
953.0	0	1	0	1
954.0	0	1	0	1
955.0	0	3	0	0
956.0	0	1	0	4
957.0	0	3	0	3
958.0	0	0	0	3
959.0	0	2	0	2
960.0	0	2	0	0
961.0	0	4	0	1
962.0	0	1	0	1
963.0	0	1	0	0
964.0	0	0	0	2
966.0	0	2	0	1
967.0	0	0	0	1
968.0	0	2	0	4
969.0	0	2	0	2
970.0	0	2	0	3
971.0	0	2	0	4
972.0	0	0	0	1
973.0	0	1	0	2
974.0	0	1	0	3
975.0	0	1	0	2
976.0	0	6	0	1
977.0	0	1	0	1
979.0	0	0	0	1
980.0	0	1	0	3
981.0	0	4	0	0
982.0	0	3	0	1
983.0	0	2	0	1
984.0	0	1	0	1
985.0	0	2	0	3
986.0	0	2	0	3
987.0	0	3	0	3
988.0	0	1	0	1
989.0	0	1	0	2
990.0	0	3	0	1
991.0	0	1	0	1
992.0	0	2	0	1
993.0	0	0	0	2
994.0	0	2	0	1
995.0	0	2	0	1
996.0	0	2	0	3
997.0	0	2	0	0
998.0	0	2	0	3
999.0	0	0	0	1
1000.0	0	2	0	4
1001.0	0	2	0	2
1002.0	0	3	0	2
1003.0	0	1	0	1
1004.0	0	3	0	0
1005.0	0	0	0	4
1006.0	0	1	0	0
1007.0	0	0	0	2
1008.0	0	2	0	4
1009.0	0	2	0	3
1010.0	0	1	0	3
1011.0	0	3	0	1
1012.0	0	0	0	1
1013.0	0	3	0	1
1014.0	0	2	0	0
1015.0	0	1	0	2
1016.0	0	2	0	1
1017.0	0	2	0	2
1018.0	0	2	0	1
1019.0	0	3	0	2
1020.0	0	1	0	2
1021.0	0	2	0	0
1022.0	0	1	0	5
1023.0	0	1	0	1
1024.0	0	3	0	0
1025.0	0	2	0	2
1026.0	0	2	0	2
1027.0	0	0	0	2
1028.0	0	2	0	2
1029.0	0	2	0	0
1030.0	0	1	0	0
1031.0	0	0	0	3
1032.0	0	3	0	0
1033.0	0	2	0	1
1034.0	0	1	0	1
1035.0	0	0	0	1
1036.0	0	1	0	1
1037.0	0	1	0	0
1038.0	0	2	0	3
1039.0	0	0	0	3
1040.0	0	1	0	1
1041.0	0	3	0	2
1042.0	0	2	0	5
1043.0	0	3	0	0
1044.0	0	1	0	2
1045.0	0	1	0	1
1046.0	0	2	0	1
1047.0	0	2	0	2
1048.0	0	2	0	1
1049.0	0	0	0	4
1050.0	0	1	0	0
1051.0	0	2	0	2
1052.0	0	3	0	0
1053.0	0	2	0	1
1054.0	0	0	0	1
1055.0	0	4	0	0
1056.0	0	1	0	1
1057.0	0	1	0	2
1058.0	0	1	0	0
1059.0	0	1	0	1
1060.0	0	1	0	1
1061.0	0	2	0	0
1062.0	0	1	0	0
1063.0	0	1	0	1
1064.0	0	2	0	0
1065.0	0	1	0	0
1066.0	0	1	0	1
1067.0	0	1	0	3
1068.0	0	1	0	1
1069.0	0	0	0	2
1070.0	0	0	0	1
1072.0	0	1	0	1
1074.0	0	0	0	3
1075.0	0	1	0	1
1076.0	0	3	0	3
1078.0	0	2	0	1
1079.0	0	2	0	2
1080.0	0	1	0	1
1082.0	0	1	0	3
1083.0	0	3	0	2
1084.0	0	3	0	2
1085.0	0	1	0	0
1087.0	0	1	0	3
1088.0	0	2	0	0
1089.0	0	1	0	3
1090.0	0	1	0	2
1091.0	0	1	0	0
1092.0	0	2	0	1
1093.0	0	2	0	1
1094.0	0	1	0	1
1095.0	0	1	0	1
1096.0	0	2	0	1
1097.0	0	0	0	1
1098.0	0	1	0	0
1099.0	0	1	0	0
1100.0	0	1	0	1
1103.0	0	1	0	3
1105.0	0	0	0	1
1106.0	0	4	0	1
1107.0	0	0	0	5
1108.0	0	2	0	2
1109.0	0	1	0	1
1110.0	0	2	0	2
1111.0	0	1	0	2
1112.0	0	1	0	0
1114.0	0	1	0	0
1115.0	0	3	0	0
1116.0	0	0	0	1
1117.0	0	3	0	1
1118.0	0	1	0	1
1119.0	0	0	0	1
1121.0	0	0	0	1
1122.0	0	1	0	3
1123.0	0	2	0	0
1125.0	0	1	0	1
1126.0	0	0	0	1
1127.0	0	0	0	2
1128.0	0	1	0	0
1129.0	0	1	0	2
1130.0	0	0	0	2
1131.0	0	2	0	1
1132.0	0	2	0	0
1133.0	0	0	0	1
1135.0	0	1	0	1
1137.0	0	4	0	3
1138.0	0	1	0	1
1139.0	0	2	0	0
1141.0	0	1	0	0
1142.0	0	1	0	0
1143.0	0	1	0	1
1144.0	0	0	0	1
1145.0	0	2	0	1
1146.0	0	0	0	2
1147.0	0	1	0	0
1148.0	0	3	0	2
1149.0	0	2	0	0
1150.0	0	0	0	1
1151.0	0	1	0	1
1153.0	0	0	0	1
1154.0	0	1	0	2
1155.0	0	0	0	1
1156.0	0	1	0	2
1157.0	0	1	0	0
1158.0	0	2	0	0
1159.0	0	0	0	1
1161.0	0	1	0	0
1163.0	0	2	0	1
1165.0	0	0	0	3
1166.0	0	1	0	1
1167.0	0	1	0	0
1168.0	0	0	0	1
1169.0	0	0	0	1
1170.0	0	0	0	1
1172.0	0	3	0	2
1173.0	0	2	0	0
1174.0	0	2	0	3
1175.0	0	2	0	0
1176.0	0	1	0	1
1177.0	0	1	0	2
1178.0	0	0	0	2
1179.0	0	0	0	2
1180.0	0	1	0	0
1181.0	0	1	0	2
1182.0	0	0	0	2
1183.0	0	0	0	2
1184.0	0	0	0	1
1185.0	0	2	0	1
1186.0	0	4	0	1
1187.0	0	2	0	0
1188.0	0	2	0	0
1189.0	0	2	0	0
1190.0	0	0	0	2
1191.0	0	2	0	0
1192.0	0	0	0	1
1194.0	0	1	0	0
1195.0	0	1	0	1
1196.0	0	1	0	1
1197.0	0	0	0	1
1198.0	0	1	0	1
1199.0	0	0	0	1
1200.0	0	1	0	2
1201.0	0	0	0	2
1202.0	0	1	0	1
1203.0	0	1	0	1
1204.0	0	1	0	1
1205.0	0	2	0	1
1208.0	0	1	0	0
1210.0	0	1	0	1
1211.0	0	0	0	1
1213.0	0	2	0	0
1215.0	0	1	0	0
1216.0	0	0	0	2
1217.0	0	2	0	2
1218.0	0	0	0	2
1219.0	0	0	0	2
1220.0	0	0	0	1
1221.0	0	2	0	0
1222.0	0	0	0	1
1223.0	0	0	0	1
1224.0	0	1	0	1
1225.0	0	4	0	2
1226.0	0	0	0	1
1227.0	0	1	0	0
1228.0	0	1	0	1
1229.0	0	1	0	0
1230.0	0	2	0	1
1231.0	0	2	0	0
1232.0	0	1	0	1
1233.0	0	1	0	1
1234.0	0	0	0	2
1235.0	0	0	0	1
1237.0	0	0	0	1
1238.0	0	2	0	2
1239.0	0	0	0	1
1240.0	0	2	0	1
1241.0	0	3	0	0
1243.0	0	2	0	0
1246.0	0	1	0	1
1248.0	0	2	0	3
1249.0	0	1	0	1
1250.0	0	0	0	1
1251.0	0	1	0	1
1252.0	0	0	0	1
1254.0	0	2	0	2
1255.0	0	2	0	1
1256.0	0	2	0	2
1257.0	0	0	0	1
1258.0	0	2	0	0
1259.0	0	0	0	1
1261.0	0	2	0	1
1262.0	0	1	0	1
1264.0	0	1	0	2
1266.0	0	1	0	1
1267.0	0	2	0	1
1268.0	0	0	0	2
1269.0	0	0	0	1
1270.0	0	0	0	2
1271.0	0	1	0	0
1272.0	0	1	0	0
1273.0	0	1	0	0
1274.0	0	2	0	0
1275.0	0	2	0	0
1276.0	0	3	0	1
1278.0	0	1	0	0
1279.0	0	2	0	0
1280.0	0	2	0	0
1281.0	0	1	0	0
1282.0	0	0	0	1
1283.0	0	0	0	2
1284.0	0	0	0	3
1290.0	0	1	0	0
1291.0	0	1	0	1
1292.0	0	1	0	0
1294.0	0	1	0	1
1295.0	0	1	0	2
1296.0	0	0	0	1
1297.0	0	0	0	1
1298.0	0	1	0	0
1300.0	0	1	0	1
1301.0	0	0	0	1
1302.0	0	0	0	1
1303.0	0	0	0	1
1304.0	0	1	0	0
1305.0	0	1	0	0
1309.0	0	1	0	1
1310.0	0	1	0	1
1311.0	0	0	0	1
1313.0	0	1	0	1
1314.0	0	1	0	0
1315.0	0	1	0	1
1316.0	0	0	0	1
1317.0	0	0	0	2
1318.0	0	0	0	1
1319.0	0	2	0	1
1322.0	0	0	0	1
1323.0	0	0	0	1
1324.0	0	1	0	0
1325.0	0	2	0	2
1326.0	0	0	0	1
1327.0	0	1	0	0
1329.0	0	3	0	0
1330.0	0	2	0	0
1332.0	0	0	0	1
1333.0	0	1	0	1
1334.0	0	1	0	0
1336.0	0	1	0	1
1338.0	0	1	0	0
1340.0	0	1	0	0
1341.0	0	2	0	0
1342.0	0	0	0	3
1344.0	0	0	0	2
1345.0	0	0	0	1
1348.0	0	0	0	1
1350.0	0	2	0	0
1352.0	0	1	0	0
1355.0	0	0	0	2
1356.0	0	2	0	1
1357.0	0	1	0	0
1358.0	0	1	0	0
1359.0	0	1	0	1
1360.0	0	1	0	0
1361.0	0	0	0	1
1362.0	0	0	0	2
1363.0	0	0	0	1
1364.0	0	0	0	3
1366.0	0	1	0	0
1367.0	0	0	0	2
1368.0	0	2	0	0
1369.0	0	1	0	0
1371.0	0	1	0	0
1372.0	0	1	0	0
1373.0	0	0	0	1
1374.0	0	0	0	3
1376.0	0	1	0	1
1377.0	0	3	0	1
1378.0	0	1	0	1
1380.0	0	1	0	0
1381.0	0	1	0	0
1384.0	0	1	0	0
1385.0	0	1	0	0
1386.0	0	0	0	2
1388.0	0	1	0	0
1389.0	0	1	0	0
1390.0	0	1	0	0
1391.0	0	0	0	1
1393.0	0	0	0	1
1395.0	0	1	0	0
1398.0	0	0	0	1
1399.0	0	1	0	1
1402.0	0	0	0	1
1404.0	0	1	0	1
1405.0	0	1	0	0
1406.0	0	1	0	0
1408.0	0	2	0	0
1410.0	0	1	0	0
1411.0	0	0	0	1
1412.0	0	0	0	1
1414.0	0	1	0	0
1419.0	0	1	0	0
1420.0	0	0	0	1
1421.0	0	1	0	0
1422.0	0	1	0	0
1423.0	0	0	0	1
1425.0	0	1	0	2
1426.0	0	0	0	1
1431.0	0	1	0	1
1434.0	0	0	0	1
1436.0	0	2	0	0
1437.0	0	0	0	1
1438.0	0	0	0	2
1440.0	0	0	0	1
1441.0	0	0	0	2
1443.0	0	1	0	1
1445.0	0	0	0	1
1446.0	0	1	0	1
1447.0	0	0	0	2
1448.0	0	0	0	1
1449.0	0	1	0	0
1450.0	0	1	0	0
1451.0	0	1	0	1
1452.0	0	1	0	2
1457.0	0	2	0	1
1459.0	0	2	0	0
1460.0	0	1	0	0
1461.0	0	1	0	0
1463.0	0	2	0	0
1464.0	0	1	0	0
1466.0	0	0	0	1
1467.0	0	0	0	1
1468.0	0	0	0	1
1470.0	0	0	0	2
1471.0	0	1	0	0
1474.0	0	1	0	0
1475.0	0	2	0	1
1477.0	0	0	0	1
1478.0	0	1	0	1
1481.0	0	1	0	0
1482.0	0	2	0	0
1486.0	0	0	0	1
1489.0	0	0	0	1
1490.0	0	0	0	1
1491.0	0	0	0	1
1492.0	0	2	0	1
1493.0	0	0	0	1
1497.0	0	2	0	0
1498.0	0	0	0	2
1499.0	0	1	0	0
1501.0	0	0	0	1
1502.0	0	1	0	2
1504.0	0	1	0	0
1505.0	0	2	0	0
1508.0	0	1	0	0
1509.0	0	0	0	1
1512.0	0	1	0	0
1513.0	0	0	0	1
1514.0	0	0	0	1
1517.0	0	1	0	0
1518.0	0	1	0	0
1519.0	0	0	0	1
1520.0	0	1	0	1
1523.0	0	0	0	1
1524.0	0	0	0	1
1525.0	0	2	0	0
1526.0	0	1	0	0
1527.0	0	1	0	0
1528.0	0	1	0	0
1530.0	0	1	0	0
1531.0	0	0	0	2
1533.0	0	0	0	1
1534.0	0	0	0	1
1536.0	0	0	0	1
1537.0	0	0	0	1
1538.0	0	2	0	1
1539.0	0	0	0	1
1540.0	0	0	0	1
1541.0	0	3	0	0
1542.0	0	1	0	0
1543.0	0	1	0	2
1550.0	0	3	0	0
1551.0	0	1	0	1
1552.0	0	1	0	0
1557.0	0	0	0	1
1559.0	0	1	0	0
1562.0	0	0	0	1
1567.0	0	0	0	1
1570.0	0	0	0	1
1572.0	0	1	0	0
1573.0	0	0	0	2
1578.0	0	1	0	0
1580.0	0	1	0	0
1582.0	0	1	0	0
1585.0	0	1	0	0
1587.0	0	0	0	1
1588.0	0	1	0	2
1590.0	0	0	0	1
1591.0	0	0	0	1
1592.0	0	1	0	0
1593.0	0	1	0	0
1595.0	0	1	0	0
1597.0	0	0	0	1
1598.0	0	1	0	1
1600.0	0	1	0	0
1601.0	0	0	0	1
1602.0	0	1	0	0
1604.0	0	1	0	0
1608.0	0	1	0	2
1611.0	0	0	0	1
1616.0	0	0	0	1
1617.0	0	1	0	0
1621.0	0	1	0	0
1623.0	0	1	0	1
1624.0	0	1	0	1
1626.0	0	0	0	2
1627.0	0	1	0	0
1630.0	0	0	0	1
1631.0	0	2	0	0
1633.0	0	1	0	0
1635.0	0	1	0	1
1636.0	0	1	0	0
1637.0	0	0	0	2
1642.0	0	0	0	1
1645.0	0	1	0	0
1646.0	0	1	0	1
1648.0	0	1	0	1
1650.0	0	1	0	1
1653.0	0	1	0	0
1655.0	0	0	0	2
1656.0	0	0	0	1
1661.0	0	0	0	1
1662.0	0	0	0	1
1663.0	0	1	0	1
1664.0	0	0	0	1
1668.0	0	1	0	0
1671.0	0	1	0	0
1672.0	0	1	0	1
1674.0	0	0	0	1
1675.0	0	1	0	0
1676.0	0	2	0	0
1679.0	0	1	0	0
1681.0	0	1	0	3
1682.0	0	0	0	2
1683.0	0	0	0	1
1684.0	0	1	0	0
1685.0	0	0	0	1
1686.0	0	2	0	0
1687.0	0	1	0	1
1688.0	0	1	0	0
1689.0	0	2	0	0
1691.0	0	0	0	1
1692.0	0	1	0	1
1695.0	0	0	0	1
1697.0	0	0	0	1
1698.0	0	1	0	0
1699.0	0	0	0	1
1700.0	0	2	0	1
1701.0	0	0	0	1
1702.0	0	1	0	1
1704.0	0	1	0	0
1707.0	0	0	0	1
1708.0	0	2	0	0
1711.0	0	1	0	0
1712.0	0	0	0	1
1714.0	0	0	0	1
1715.0	0	0	0	1
1716.0	0	1	0	0
1717.0	0	0	0	1
1718.0	0	1	0	1
1719.0	0	0	0	1
1721.0	0	0	0	1
1723.0	0	1	0	0
1724.0	0	1	0	1
1726.0	0	1	0	0
1728.0	0	1	0	1
1730.0	0	2	0	0
1731.0	0	1	0	0
1732.0	0	0	0	1
1733.0	0	0	0	1
1734.0	0	1	0	0
1739.0	0	1	0	0
1741.0	0	1	0	1
1744.0	0	0	0	1
1746.0	0	0	0	1
1747.0	0	1	0	0
1750.0	0	1	0	1
1752.0	0	0	0	1
1753.0	0	0	0	1
1756.0	0	2	0	0
1759.0	0	2	0	0
1761.0	0	1	0	0
1762.0	0	1	0	1
1763.0	0	0	0	2
1766.0	0	0	0	1
1778.0	0	1	0	0
1783.0	0	1	0	0
1784.0	0	1	0	0
1786.0	0	1	0	0
1789.0	0	0	0	1
1791.0	0	0	0	1
1792.0	0	0	0	1
1794.0	0	0	0	1
1797.0	0	0	0	1
1800.0	0	1	0	0
1801.0	0	1	0	0
1803.0	0	1	0	0
1805.0	0	1	0	0
1807.0	0	0	0	1
1810.0	0	1	0	0
1813.0	0	0	0	1
1823.0	0	0	0	1
1824.0	0	0	0	1
1829.0	0	1	0	0
1830.0	0	1	0	1
1836.0	0	0	0	2
1841.0	0	1	0	1
1845.0	0	0	0	1
1846.0	0	3	0	0
1847.0	0	1	0	0
1849.0	0	0	0	1
1857.0	0	2	0	0
1858.0	0	0	0	1
1860.0	0	1	0	0
1861.0	0	0	0	1
1867.0	0	0	0	1
1869.0	0	0	0	1
1871.0	0	1	0	0
1879.0	0	1	0	0
1880.0	0	0	0	1
1883.0	0	1	0	1
1901.0	0	1	0	0
1906.0	0	0	0	1
1912.0	0	1	0	1
1918.0	0	1	0	0
1921.0	0	1	0	0
1923.0	0	0	0	1
1924.0	0	0	0	1
1931.0	0	0	0	1
1933.0	0	1	0	0
1935.0	0	1	0	0
1941.0	0	1	0	1
1946.0	0	0	0	1
1956.0	0	1	0	0
1958.0	0	0	0	1
1959.0	0	1	0	0
1961.0	0	2	0	2
1966.0	0	1	0	0
1976.0	0	0	0	1
1978.0	0	1	0	0
1985.0	0	0	0	1
1986.0	0	0	0	1
1989.0	0	0	0	1
1990.0	0	1	0	0
1995.0	0	1	0	0
1997.0	0	1	0	1
1998.0	0	0	0	1
2006.0	0	1	0	1
2012.0	0	0	0	1
2014.0	0	1	0	0
2015.0	0	0	0	1
2025.0	0	1	0	1
2027.0	0	0	0	1
2029.0	0	1	0	0
2030.0	0	1	0	0
2036.0	0	1	0	0
2039.0	0	1	0	0
2052.0	0	0	0	1
2060.0	0	1	0	0
2072.0	0	0	0	1
2073.0	0	1	0	0
2074.0	0	0	0	1
2082.0	0	0	0	1
2083.0	0	1	0	0
2088.0	0	1	0	0
2095.0	0	0	0	1
2100.0	0	0	0	1
2102.0	0	0	0	1
2103.0	0	0	0	1
2109.0	0	1	0	0
2110.0	0	1	0	0
2116.0	0	0	0	1
2117.0	0	1	0	0
2119.0	0	1	0	2
2122.0	0	0	0	1
2124.0	0	1	0	0
2128.0	0	1	0	0
2134.0	0	1	0	0
2137.0	0	0	0	1
2141.0	0	0	0	1
2142.0	0	0	0	1
2147.0	0	2	0	1
2150.0	0	1	0	0
2154.0	0	1	0	0
2157.0	0	0	0	1
2160.0	0	1	0	0
2164.0	0	0	0	1
2165.0	0	0	0	1
2172.0	0	1	0	0
2174.0	0	1	0	1
2175.0	0	1	0	0
2178.0	0	0	0	1
2186.0	0	0	0	1
2187.0	0	1	0	0
2188.0	0	1	0	1
2190.0	0	1	0	0
2193.0	0	1	0	0
2201.0	0	0	0	1
2208.0	0	1	0	0
2217.0	0	1	0	0
2228.0	0	0	0	1
2234.0	0	0	0	1
2243.0	0	0	0	2
2247.0	0	0	0	2
2251.0	0	1	0	1
2255.0	0	1	0	0
2257.0	0	1	0	3
2260.0	0	1	0	1
2261.0	0	1	0	0
2263.0	0	1	0	0
2266.0	0	0	0	1
2268.0	0	0	0	1
2269.0	0	1	0	0
2270.0	0	1	0	0
2271.0	0	0	0	1
2274.0	0	3	0	0
2275.0	0	1	0	0
2281.0	0	1	0	0
2293.0	0	0	0	1
2294.0	0	1	0	0
2297.0	0	0	0	2
2304.0	0	1	0	0
2307.0	0	1	0	1
2313.0	0	1	0	0
2314.0	0	0	0	1
2319.0	0	1	0	0
2322.0	0	1	0	0
2328.0	0	0	0	1
2343.0	0	1	0	0
2345.0	0	0	0	1
2368.0	0	0	0	1
2373.0	0	0	0	1
2379.0	0	0	0	1
2381.0	0	1	0	0
2384.0	0	0	0	1
2385.0	0	1	0	1
2393.0	0	0	0	1
2394.0	0	1	0	0
2395.0	0	1	0	0
2407.0	0	1	0	0
2414.0	0	1	0	0
2415.0	0	0	0	1
2416.0	0	0	0	1
2417.0	0	1	0	0
2419.0	0	0	0	1
2440.0	0	1	0	0
2441.0	0	1	0	0
2442.0	0	1	0	0
2459.0	0	0	0	2
2460.0	0	0	0	1
2469.0	0	1	0	0
2470.0	0	0	0	1
2475.0	0	2	0	0
2478.0	0	1	0	0
2505.0	0	0	0	1
2510.0	0	0	0	1
2528.0	0	0	0	1
2529.0	0	0	0	1
2530.0	0	0	0	1
2536.0	0	1	0	0
2543.0	0	0	0	1
2544.0	0	1	0	0
2555.0	0	1	0	0
2559.0	0	2	0	0
2563.0	0	0	0	1
2567.0	0	1	0	0
2572.0	0	1	0	0
2604.0	0	0	0	1
2613.0	0	1	0	0
2621.0	0	0	0	1
2625.0	0	0	0	1
2626.0	0	1	0	0
2642.0	0	1	0	0
2661.0	0	0	0	1
2667.0	0	0	0	1
2671.0	0	1	0	0
2679.0	0	1	0	0
2687.0	0	0	0	1
2694.0	0	0	0	1
2702.0	0	0	0	1
2703.0	0	1	0	0
2708.0	0	1	0	0
2723.0	0	0	0	1
2728.0	0	1	0	0
2734.0	0	1	0	0
2738.0	0	0	0	1
2761.0	0	0	0	1
2773.0	0	0	0	1
2776.0	0	1	0	0
2779.0	0	1	0	0
2793.0	0	1	0	0
2805.0	0	0	0	1
2815.0	0	0	0	1
2818.0	0	0	0	1
2819.0	0	1	0	0
2838.0	0	1	0	0
2841.0	0	1	0	0
2852.0	0	0	0	1
2883.0	0	1	0	0
2894.0	0	0	0	2
2904.0	0	1	0	0
2909.0	0	0	0	1
2912.0	0	1	0	0
2927.0	0	1	0	0
3000.0	0	0	0	1
3011.0	0	0	0	1
3024.0	0	0	0	1
3029.0	0	0	0	1
3033.0	0	1	0	0
3043.0	0	1	0	0
3047.0	0	1	0	0
3056.0	0	1	0	0
3081.0	0	0	0	1
3094.0	0	1	0	0
3097.0	0	0	0	1
3112.0	0	1	0	0
3122.0	0	0	0	1
3140.0	0	1	0	0
3148.0	0	0	0	1
3151.0	0	0	0	1
3164.0	0	1	0	0
3166.0	0	1	0	0
3174.0	0	0	0	1
3175.0	0	0	0	1
3176.0	0	0	0	1
3184.0	0	0	0	1
3185.0	0	1	0	0
3186.0	0	0	0	1
3189.0	0	1	0	0
3192.0	0	0	0	1
3197.0	0	1	0	0
3202.0	0	1	0	0
3203.0	0	1	0	0
3216.0	0	0	0	1
3226.0	0	0	0	1
3230.0	0	1	0	0
3233.0	0	1	0	0
3235.0	0	0	0	1
3248.0	0	1	0	0
3259.0	0	1	0	0
3284.0	0	0	0	1
3299.0	0	0	0	1
3321.0	0	1	0	0
3329.0	0	0	0	1
3336.0	0	0	0	1
3345.0	0	1	0	0
3347.0	0	1	0	0
3350.0	0	1	0	0
3360.0	0	0	0	1
3382.0	0	1	0	0
3391.0	0	0	0	1
3395.0	0	0	0	1
3416.0	0	1	0	0
3422.0	0	0	0	1
3438.0	0	1	0	0
3444.0	0	1	0	0
3460.0	0	0	0	1
3474.0	0	1	0	0
3499.0	0	0	0	1
3518.0	0	0	0	1
3519.0	0	0	0	1
3522.0	0	1	0	0
3524.0	0	0	0	1
3538.0	0	1	0	0
3550.0	0	1	0	0
3560.0	0	0	0	1
3566.0	0	1	0	0
3580.0	0	1	0	0
3600.0	0	0	0	1
3616.0	0	1	0	0
3629.0	0	0	0	1
3660.0	0	1	0	0
3670.0	0	0	0	1
3738.0	0	1	0	0
3745.0	0	0	0	1
3762.0	0	0	0	1
3765.0	0	1	0	0
3777.0	0	1	0	0
3782.0	0	0	0	1
3830.0	0	1	0	0
3865.0	0	0	0	1
3874.0	0	0	0	1
3891.0	0	1	0	0
3897.0	0	1	0	0
3922.0	0	0	0	1
3965.0	0	1	0	0
4175.0	0	0	0	1
4223.0	0	1	0	0
4227.0	0	0	0	1
4232.0	0	0	0	1
4247.0	0	1	0	0
4256.0	0	1	0	0
4271.0	0	0	0	1
4297.0	0	0	0	1
4314.0	0	1	0	0
4333.0	0	1	0	0
4357.0	0	0	0	1
4372.0	0	1	0	0
4460.0	0	0	0	1
4484.0	0	0	0	1
4486.0	0	1	0	0
4512.0	0	1	0	0
4536.0	0	0	0	1
4547.0	0	0	0	1
4560.0	0	1	0	0
4577.0	0	1	0	0
4580.0	0	0	0	1
4604.0	0	0	0	1
4612.0	0	1	0	0
4633.0	0	1	0	0
4657.0	0	0	0	1
4677.0	0	1	0	0
4692.0	0	0	0	1
4729.0	0	1	0	0
4750.0	0	0	0	1
4766.0	0	1	0	0
4790.0	0	0	0	1
4816.0	0	1	0	0
5010.0	0	0	0	1
5043.0	0	1	0	0
5296.0	0	0	0	1
5345.0	0	1	0	1
5366.0	0	0	0	1
5389.0	0	1	0	0
5400.0	0	1	0	0
5446.0	0	0	0	1
5474.0	0	1	0	0
5485.0	0	0	0	1
5498.0	0	0	0	1
5518.0	0	1	0	0
5530.0	0	1	0	0
5534.0	0	0	0	1
5576.0	0	1	0	0
5906.0	0	0	0	1
5928.0	0	1	0	0
5998.0	0	0	0	1
6024.0	0	1	0	0
6179.0	0	0	0	1
6228.0	0	1	0	0
6268.0	0	0	0	1
6288.0	0	0	0	1
6310.0	0	1	0	0
6314.0	0	0	0	1
6327.0	0	1	0	0
6358.0	0	1	0	0
6901.0	0	0	0	1
6945.0	0	1	0	0
8047.0	0	0	0	1
8072.0	0	0	0	1
8080.0	0	0	0	1
8104.0	0	1	0	0
8109.0	0	0	0	1
8147.0	0	1	0	0
8170.0	0	1	0	0
8214.0	0	1	0	0
8810.0	0	0	0	1
8917.0	0	1	0	0
8955.0	0	0	0	1
8992.0	0	1	0	0
9328.0	0	0	0	1
9375.0	0	1	0	0
9625.0	0	0	0	1
9691.0	0	1	0	0
10688.0	0	0	0	1
10749.0	0	1	0	0
11861.0	0	0	0	1
11916.0	0	1	0	0
14259.0	0	0	0	1
14422.0	0	1	0	0
16945.0	0	0	0	1
17044.0	0	1	0	0

