## htsjdk.samtools.metrics.StringHeader
# MarkDuplicates INPUT=[/beegfs/scratch/ric.sessa/kubacki.michal/SRF_Eva_top/Eva_submission/SRF_Eva_Cut_and_Tag/results/04_filtered/TES-1_with_rg.bam] OUTPUT=/beegfs/scratch/ric.sessa/kubacki.michal/SRF_Eva_top/Eva_submission/SRF_Eva_Cut_and_Tag/results/04_filtered/TES-1_dedup.bam METRICS_FILE=/beegfs/scratch/ric.sessa/kubacki.michal/SRF_Eva_top/Eva_submission/SRF_Eva_Cut_and_Tag/results/04_filtered/TES-1_dedup_metrics.txt REMOVE_DUPLICATES=false ASSUME_SORTED=true CREATE_INDEX=true    MAX_SEQUENCES_FOR_DISK_READ_ENDS_MAP=50000 MAX_FILE_HANDLES_FOR_READ_ENDS_MAP=8000 SORTING_COLLECTION_SIZE_RATIO=0.25 TAG_DUPLICATE_SET_MEMBERS=false REMOVE_SEQUENCING_DUPLICATES=false TAGGING_POLICY=DontTag CLEAR_DT=true DUPLEX_UMI=false FLOW_MODE=false FLOW_DUP_STRATEGY=FLOW_QUALITY_SUM_STRATEGY FLOW_USE_END_IN_UNPAIRED_READS=false FLOW_USE_UNPAIRED_CLIPPED_END=false FLOW_UNPAIRED_END_UNCERTAINTY=0 FLOW_UNPAIRED_START_UNCERTAINTY=0 FLOW_SKIP_FIRST_N_FLOWS=0 FLOW_Q_IS_KNOWN_END=false FLOW_EFFECTIVE_QUALITY_THRESHOLD=15 ADD_PG_TAG_TO_READS=true DUPLICATE_SCORING_STRATEGY=SUM_OF_BASE_QUALITIES PROGRAM_RECORD_ID=MarkDuplicates PROGRAM_GROUP_NAME=MarkDuplicates READ_NAME_REGEX=<optimized capture of last three ':' separated fields as numeric values> OPTICAL_DUPLICATE_PIXEL_DISTANCE=100 MAX_OPTICAL_DUPLICATE_SET_SIZE=300000 VERBOSITY=INFO QUIET=false VALIDATION_STRINGENCY=STRICT COMPRESSION_LEVEL=5 MAX_RECORDS_IN_RAM=500000 CREATE_MD5_FILE=false USE_JDK_DEFLATER=false USE_JDK_INFLATER=false
## htsjdk.samtools.metrics.StringHeader
# Started on: Tue Mar 03 15:05:00 CET 2026

## METRICS CLASS	picard.sam.DuplicationMetrics
LIBRARY	UNPAIRED_READS_EXAMINED	READ_PAIRS_EXAMINED	SECONDARY_OR_SUPPLEMENTARY_RDS	UNMAPPED_READS	UNPAIRED_READ_DUPLICATES	READ_PAIR_DUPLICATES	READ_PAIR_OPTICAL_DUPLICATES	PERCENT_DUPLICATION	ESTIMATED_LIBRARY_SIZE
lib1	0	35988719	0	49663952	0	18276198	957233	0.507831	22402635

## HISTOGRAM	java.lang.Double
BIN	CoverageMult	all_sets	optical_sets	non_optical_sets
1.0	1.011076	9903349	0	10376305
2.0	1.213896	4000319	749945	3757194
3.0	1.254581	1835388	75569	1706834
4.0	1.262743	891540	12116	837699
5.0	1.26438	449463	2573	426577
6.0	1.264708	234145	739	223695
7.0	1.264774	127379	300	122182
8.0	1.264788	73102	153	70239
9.0	1.26479	44468	80	42902
10.0	1.264791	29232	51	28181
11.0	1.264791	20277	35	19654
12.0	1.264791	14545	22	14098
13.0	1.264791	11469	20	11133
14.0	1.264791	8971	14	8727
15.0	1.264791	7402	11	7269
16.0	1.264791	6034	2	5847
17.0	1.264791	4934	7	4803
18.0	1.264791	4362	5	4270
19.0	1.264791	3712	6	3508
20.0	1.264791	3133	1	3123
21.0	1.264791	2928	1	2768
22.0	1.264791	2443	1	2388
23.0	1.264791	2207	1	2212
24.0	1.264791	1944	2	1915
25.0	1.264791	1792	1	1733
26.0	1.264791	1590	0	1534
27.0	1.264791	1443	0	1402
28.0	1.264791	1361	2	1330
29.0	1.264791	1204	2	1216
30.0	1.264791	1087	0	1080
31.0	1.264791	1045	0	945
32.0	1.264791	992	1	921
33.0	1.264791	797	0	836
34.0	1.264791	779	0	727
35.0	1.264791	726	0	744
36.0	1.264791	697	0	634
37.0	1.264791	634	0	629
38.0	1.264791	581	0	591
39.0	1.264791	552	0	557
40.0	1.264791	586	0	544
41.0	1.264791	497	0	495
42.0	1.264791	497	0	483
43.0	1.264791	446	0	434
44.0	1.264791	424	0	408
45.0	1.264791	389	0	375
46.0	1.264791	368	0	365
47.0	1.264791	364	0	346
48.0	1.264791	328	0	335
49.0	1.264791	317	0	293
50.0	1.264791	284	1	277
51.0	1.264791	284	0	300
52.0	1.264791	272	0	235
53.0	1.264791	256	0	266
54.0	1.264791	274	0	274
55.0	1.264791	245	0	248
56.0	1.264791	251	0	231
57.0	1.264791	228	0	218
58.0	1.264791	218	0	225
59.0	1.264791	223	0	206
60.0	1.264791	189	0	197
61.0	1.264791	197	0	172
62.0	1.264791	173	0	175
63.0	1.264791	182	0	178
64.0	1.264791	179	0	177
65.0	1.264791	164	0	158
66.0	1.264791	154	0	156
67.0	1.264791	169	0	155
68.0	1.264791	159	0	150
69.0	1.264791	136	0	131
70.0	1.264791	143	0	155
71.0	1.264791	120	0	104
72.0	1.264791	131	0	139
73.0	1.264791	148	0	155
74.0	1.264791	126	0	111
75.0	1.264791	106	0	110
76.0	1.264791	100	0	110
77.0	1.264791	132	0	108
78.0	1.264791	101	0	98
79.0	1.264791	100	0	96
80.0	1.264791	109	0	105
81.0	1.264791	107	0	109
82.0	1.264791	110	0	106
83.0	1.264791	79	0	78
84.0	1.264791	82	0	78
85.0	1.264791	81	0	82
86.0	1.264791	85	0	85
87.0	1.264791	74	0	79
88.0	1.264791	85	0	88
89.0	1.264791	84	0	74
90.0	1.264791	72	0	67
91.0	1.264791	60	0	61
92.0	1.264791	61	0	54
93.0	1.264791	73	0	66
94.0	1.264791	59	0	73
95.0	1.264791	83	0	63
96.0	1.264791	56	0	58
97.0	1.264791	71	0	56
98.0	1.264791	56	0	62
99.0	1.264791	45	0	44
100.0	1.264791	49	0	60
101.0	0	65	0	60
102.0	0	54	0	53
103.0	0	44	0	43
104.0	0	45	0	45
105.0	0	54	0	58
106.0	0	55	0	53
107.0	0	56	0	39
108.0	0	36	0	40
109.0	0	36	0	39
110.0	0	46	0	40
111.0	0	43	0	46
112.0	0	42	0	40
113.0	0	34	0	35
114.0	0	35	0	37
115.0	0	32	0	29
116.0	0	34	0	37
117.0	0	37	0	27
118.0	0	26	0	32
119.0	0	32	0	32
120.0	0	34	0	30
121.0	0	26	0	27
122.0	0	30	0	27
123.0	0	35	0	28
124.0	0	26	0	27
125.0	0	28	0	33
126.0	0	25	0	32
127.0	0	34	0	30
128.0	0	26	0	28
129.0	0	40	0	33
130.0	0	32	0	23
131.0	0	27	0	36
132.0	0	28	0	21
133.0	0	25	0	30
134.0	0	20	0	18
135.0	0	22	0	30
136.0	0	32	0	29
137.0	0	25	0	22
138.0	0	27	0	25
139.0	0	26	0	15
140.0	0	19	0	22
141.0	0	19	0	28
142.0	0	22	0	22
143.0	0	17	0	15
144.0	0	25	0	31
145.0	0	25	0	19
146.0	0	15	0	13
147.0	0	13	0	13
148.0	0	16	0	15
149.0	0	18	0	12
150.0	0	11	0	14
151.0	0	19	0	17
152.0	0	10	0	13
153.0	0	24	0	13
154.0	0	9	0	19
155.0	0	21	0	18
156.0	0	20	0	15
157.0	0	15	0	12
158.0	0	11	0	13
159.0	0	16	0	13
160.0	0	20	0	23
161.0	0	15	0	20
162.0	0	14	0	18
163.0	0	16	0	17
164.0	0	27	0	20
165.0	0	12	0	15
166.0	0	20	0	12
167.0	0	15	0	15
168.0	0	9	0	11
169.0	0	13	0	15
170.0	0	14	0	16
171.0	0	14	0	9
172.0	0	16	0	17
173.0	0	13	0	7
174.0	0	7	0	6
175.0	0	12	0	10
176.0	0	7	0	10
177.0	0	7	0	16
178.0	0	15	0	16
179.0	0	12	0	12
180.0	0	14	0	12
181.0	0	17	0	20
182.0	0	9	0	8
183.0	0	16	0	9
184.0	0	15	0	12
185.0	0	9	0	17
186.0	0	15	0	11
187.0	0	14	0	12
188.0	0	9	0	8
189.0	0	10	0	9
190.0	0	11	0	15
191.0	0	9	0	8
192.0	0	7	0	9
193.0	0	12	0	11
194.0	0	10	0	10
195.0	0	12	0	8
196.0	0	10	0	6
197.0	0	8	0	10
198.0	0	8	0	9
199.0	0	6	0	9
200.0	0	8	0	15
201.0	0	15	0	13
202.0	0	6	0	8
203.0	0	11	0	6
204.0	0	15	0	7
205.0	0	8	0	11
206.0	0	8	0	7
207.0	0	11	0	6
208.0	0	6	0	7
209.0	0	9	0	13
210.0	0	11	0	12
211.0	0	8	0	10
212.0	0	6	0	6
213.0	0	12	0	13
214.0	0	9	0	5
215.0	0	12	0	12
216.0	0	7	0	10
217.0	0	6	0	9
218.0	0	9	0	8
219.0	0	12	0	3
220.0	0	9	0	11
221.0	0	7	0	5
222.0	0	7	0	5
223.0	0	5	0	8
224.0	0	7	0	14
225.0	0	10	0	5
226.0	0	5	0	12
227.0	0	8	0	9
228.0	0	12	0	12
229.0	0	10	0	5
230.0	0	12	0	2
231.0	0	5	0	4
232.0	0	3	0	5
233.0	0	6	0	9
234.0	0	10	0	10
235.0	0	4	0	6
236.0	0	5	0	10
237.0	0	10	0	8
238.0	0	7	0	5
239.0	0	6	0	7
240.0	0	7	0	4
241.0	0	9	0	5
242.0	0	2	0	6
243.0	0	5	0	6
244.0	0	7	0	6
245.0	0	6	0	2
246.0	0	7	0	4
247.0	0	4	0	4
248.0	0	9	0	10
249.0	0	4	0	8
250.0	0	5	0	6
251.0	0	5	0	2
252.0	0	4	0	7
253.0	0	9	0	6
254.0	0	3	0	9
255.0	0	3	0	7
256.0	0	5	0	4
257.0	0	8	0	8
258.0	0	7	0	5
259.0	0	4	0	2
260.0	0	9	0	10
261.0	0	8	0	10
262.0	0	11	0	9
263.0	0	3	0	1
264.0	0	5	0	2
265.0	0	5	0	6
266.0	0	10	0	5
267.0	0	4	0	4
268.0	0	3	0	2
269.0	0	2	0	3
270.0	0	1	0	5
271.0	0	5	0	1
272.0	0	4	0	3
273.0	0	3	0	2
274.0	0	2	0	1
275.0	0	1	0	1
276.0	0	3	0	3
277.0	0	1	0	1
278.0	0	4	0	5
279.0	0	1	0	2
280.0	0	2	0	6
281.0	0	5	0	3
282.0	0	3	0	3
283.0	0	3	0	4
284.0	0	5	0	5
285.0	0	2	0	1
286.0	0	1	0	2
287.0	0	3	0	4
288.0	0	4	0	3
289.0	0	4	0	4
290.0	0	2	0	1
291.0	0	4	0	2
292.0	0	1	0	1
293.0	0	1	0	6
294.0	0	3	0	1
295.0	0	2	0	5
296.0	0	3	0	1
297.0	0	2	0	3
298.0	0	2	0	1
299.0	0	1	0	1
300.0	0	5	0	7
301.0	0	5	0	4
302.0	0	5	0	2
303.0	0	2	0	5
304.0	0	1	0	4
305.0	0	3	0	4
306.0	0	6	0	4
307.0	0	6	0	3
308.0	0	6	0	1
309.0	0	3	0	1
310.0	0	3	0	2
311.0	0	2	0	2
312.0	0	1	0	2
313.0	0	0	0	1
314.0	0	2	0	3
315.0	0	4	0	3
316.0	0	3	0	1
317.0	0	3	0	4
318.0	0	0	0	1
319.0	0	5	0	2
320.0	0	0	0	1
322.0	0	2	0	4
323.0	0	1	0	1
324.0	0	2	0	2
325.0	0	3	0	2
326.0	0	2	0	4
327.0	0	3	0	1
328.0	0	0	0	3
329.0	0	4	0	2
330.0	0	0	0	3
331.0	0	4	0	3
332.0	0	3	0	2
333.0	0	3	0	4
334.0	0	2	0	2
335.0	0	3	0	2
336.0	0	2	0	2
337.0	0	0	0	2
338.0	0	4	0	0
339.0	0	2	0	1
340.0	0	1	0	2
341.0	0	0	0	1
342.0	0	0	0	4
343.0	0	3	0	4
344.0	0	2	0	2
345.0	0	3	0	5
346.0	0	2	0	2
347.0	0	3	0	3
348.0	0	3	0	3
349.0	0	4	0	3
350.0	0	6	0	2
351.0	0	3	0	1
352.0	0	3	0	1
353.0	0	2	0	2
354.0	0	1	0	3
355.0	0	0	0	4
356.0	0	1	0	2
357.0	0	2	0	0
358.0	0	6	0	2
359.0	0	2	0	0
360.0	0	1	0	3
361.0	0	1	0	6
362.0	0	3	0	4
363.0	0	4	0	2
364.0	0	3	0	2
365.0	0	0	0	4
366.0	0	2	0	0
367.0	0	3	0	4
368.0	0	4	0	3
369.0	0	3	0	2
370.0	0	3	0	0
372.0	0	2	0	4
373.0	0	0	0	1
374.0	0	1	0	1
375.0	0	2	0	2
376.0	0	2	0	1
377.0	0	1	0	1
378.0	0	0	0	1
379.0	0	2	0	2
380.0	0	2	0	1
381.0	0	1	0	0
382.0	0	2	0	0
383.0	0	1	0	2
384.0	0	0	0	3
385.0	0	1	0	2
386.0	0	2	0	3
387.0	0	4	0	3
388.0	0	3	0	2
389.0	0	3	0	1
390.0	0	3	0	2
391.0	0	0	0	3
392.0	0	1	0	1
393.0	0	2	0	1
394.0	0	1	0	1
395.0	0	3	0	1
396.0	0	3	0	3
397.0	0	1	0	2
398.0	0	2	0	1
399.0	0	1	0	3
400.0	0	3	0	1
401.0	0	2	0	1
402.0	0	1	0	0
403.0	0	1	0	0
404.0	0	1	0	1
406.0	0	0	0	1
408.0	0	1	0	0
409.0	0	1	0	0
410.0	0	0	0	1
411.0	0	0	0	2
412.0	0	0	0	1
413.0	0	2	0	2
414.0	0	2	0	2
415.0	0	2	0	1
416.0	0	3	0	3
417.0	0	2	0	1
418.0	0	2	0	0
419.0	0	1	0	0
420.0	0	0	0	2
421.0	0	1	0	1
422.0	0	1	0	3
423.0	0	0	0	2
424.0	0	0	0	1
425.0	0	1	0	0
426.0	0	1	0	0
427.0	0	2	0	3
428.0	0	1	0	2
429.0	0	1	0	0
430.0	0	1	0	2
431.0	0	3	0	1
432.0	0	2	0	0
433.0	0	0	0	1
434.0	0	1	0	1
435.0	0	2	0	0
436.0	0	1	0	1
437.0	0	0	0	1
438.0	0	3	0	0
439.0	0	0	0	1
440.0	0	0	0	2
443.0	0	1	0	1
444.0	0	2	0	2
445.0	0	1	0	0
447.0	0	1	0	1
449.0	0	0	0	1
450.0	0	0	0	1
451.0	0	2	0	1
452.0	0	1	0	0
453.0	0	0	0	3
455.0	0	2	0	1
456.0	0	1	0	1
457.0	0	0	0	1
458.0	0	1	0	1
459.0	0	1	0	2
460.0	0	1	0	1
461.0	0	2	0	1
462.0	0	0	0	1
463.0	0	1	0	0
464.0	0	0	0	1
465.0	0	2	0	0
466.0	0	0	0	1
468.0	0	2	0	0
470.0	0	0	0	1
471.0	0	1	0	1
472.0	0	1	0	1
473.0	0	1	0	1
474.0	0	1	0	0
476.0	0	1	0	0
477.0	0	0	0	1
478.0	0	2	0	0
479.0	0	0	0	1
481.0	0	0	0	1
485.0	0	1	0	0
486.0	0	1	0	0
487.0	0	0	0	2
488.0	0	1	0	2
492.0	0	1	0	2
493.0	0	0	0	1
494.0	0	1	0	0
495.0	0	1	0	0
496.0	0	2	0	2
497.0	0	1	0	2
498.0	0	1	0	1
499.0	0	1	0	1
500.0	0	3	0	0
501.0	0	1	0	1
502.0	0	1	0	2
503.0	0	1	0	0
505.0	0	1	0	3
506.0	0	0	0	1
507.0	0	1	0	0
508.0	0	1	0	0
509.0	0	0	0	1
510.0	0	0	0	1
511.0	0	0	0	2
512.0	0	1	0	0
514.0	0	0	0	1
515.0	0	3	0	1
516.0	0	3	0	1
517.0	0	1	0	0
518.0	0	1	0	0
520.0	0	1	0	2
523.0	0	1	0	1
524.0	0	0	0	1
525.0	0	0	0	1
527.0	0	1	0	0
528.0	0	2	0	1
529.0	0	1	0	1
531.0	0	1	0	0
533.0	0	1	0	1
536.0	0	0	0	1
539.0	0	1	0	0
540.0	0	0	0	1
542.0	0	1	0	1
544.0	0	1	0	1
547.0	0	1	0	1
549.0	0	0	0	3
550.0	0	0	0	1
551.0	0	2	0	0
552.0	0	2	0	0
553.0	0	1	0	0
555.0	0	1	0	1
566.0	0	1	0	0
569.0	0	0	0	1
571.0	0	0	0	1
573.0	0	1	0	0
575.0	0	0	0	1
576.0	0	0	0	1
577.0	0	0	0	1
578.0	0	2	0	0
579.0	0	1	0	1
580.0	0	1	0	0
584.0	0	1	0	0
589.0	0	0	0	1
590.0	0	1	0	1
593.0	0	1	0	0
604.0	0	0	0	1
606.0	0	0	0	1
608.0	0	0	0	1
611.0	0	1	0	1
612.0	0	1	0	0
614.0	0	1	0	0
615.0	0	0	0	1
618.0	0	1	0	0
620.0	0	0	0	1
622.0	0	1	0	0
624.0	0	0	0	1
626.0	0	0	0	1
627.0	0	0	0	1
628.0	0	1	0	0
629.0	0	0	0	1
630.0	0	1	0	0
631.0	0	1	0	0
632.0	0	2	0	0
635.0	0	0	0	1
642.0	0	0	0	1
643.0	0	0	0	1
644.0	0	1	0	0
646.0	0	1	0	0
649.0	0	0	0	1
650.0	0	1	0	1
651.0	0	1	0	1
652.0	0	1	0	1
653.0	0	0	0	1
654.0	0	0	0	1
656.0	0	1	0	0
657.0	0	1	0	0
662.0	0	1	0	0
663.0	0	1	0	0
665.0	0	1	0	1
666.0	0	0	0	1
668.0	0	1	0	0
669.0	0	0	0	1
673.0	0	1	0	1
675.0	0	1	0	0
676.0	0	0	0	1
678.0	0	0	0	1
679.0	0	0	0	1
683.0	0	2	0	0
685.0	0	1	0	1
687.0	0	0	0	1
691.0	0	1	0	0
693.0	0	0	0	1
696.0	0	0	0	1
697.0	0	1	0	0
699.0	0	1	0	0
700.0	0	1	0	0
713.0	0	0	0	1
717.0	0	1	0	0
721.0	0	0	0	1
723.0	0	0	0	1
727.0	0	1	0	0
728.0	0	1	0	0
729.0	0	0	0	2
736.0	0	1	0	0
738.0	0	1	0	0
741.0	0	1	0	1
752.0	0	0	0	1
760.0	0	0	0	1
762.0	0	0	0	1
765.0	0	2	0	0
766.0	0	1	0	1
771.0	0	0	0	2
776.0	0	1	0	0
777.0	0	1	0	1
780.0	0	1	0	1
788.0	0	1	0	0
790.0	0	0	0	1
792.0	0	1	0	0
794.0	0	0	0	1
796.0	0	1	0	0
798.0	0	1	0	1
799.0	0	1	0	0
805.0	0	0	0	1
806.0	0	0	0	1
807.0	0	0	0	1
811.0	0	1	0	0
819.0	0	1	0	1
820.0	0	1	0	0
831.0	0	1	0	0
894.0	0	0	0	1
897.0	0	1	0	0
898.0	0	0	0	1
903.0	0	1	0	1
909.0	0	1	0	0
910.0	0	0	0	1
914.0	0	1	0	0
921.0	0	0	0	1
925.0	0	1	0	0
955.0	0	0	0	1
960.0	0	1	0	0
973.0	0	0	0	1
979.0	0	1	0	1
980.0	0	1	0	0
988.0	0	0	0	1
998.0	0	1	0	0
1011.0	0	0	0	1
1019.0	0	1	0	0
1023.0	0	0	0	1
1028.0	0	0	0	1
1030.0	0	1	0	0
1032.0	0	1	0	0
1043.0	0	0	0	1
1044.0	0	1	0	0
1106.0	0	1	0	1
1112.0	0	0	0	1
1115.0	0	0	0	1
1122.0	0	1	0	1
1129.0	0	1	0	0
1130.0	0	1	0	0
1161.0	0	0	0	1
1165.0	0	1	0	0
1177.0	0	0	0	1
1188.0	0	0	0	1
1195.0	0	1	0	0
1199.0	0	1	0	0
1257.0	0	0	0	1
1260.0	0	0	0	1
1262.0	0	1	0	0
1266.0	0	0	0	1
1268.0	0	1	0	0
1270.0	0	1	0	0
1274.0	0	0	0	1
1275.0	0	0	0	1
1280.0	0	1	0	0
1284.0	0	1	0	0
1288.0	0	0	0	1
1294.0	0	0	0	1
1300.0	0	1	0	0
1304.0	0	1	0	0
1333.0	0	0	0	1
1336.0	0	1	0	0
1432.0	0	0	0	1
1441.0	0	1	0	0
1557.0	0	0	0	1
1566.0	0	1	0	0
1593.0	0	0	0	1
1614.0	0	0	0	1
1616.0	0	1	0	0
1624.0	0	1	0	0
1634.0	0	0	0	1
1643.0	0	1	0	0
1646.0	0	0	0	1
1664.0	0	1	0	0
1677.0	0	0	0	1
1683.0	0	1	0	0
1757.0	0	0	0	1
1760.0	0	1	0	0
1790.0	0	0	0	1
1802.0	0	1	0	0
1817.0	0	0	0	1
1831.0	0	1	0	0
2173.0	0	0	0	1
2179.0	0	1	0	0
2222.0	0	0	0	1
2233.0	0	1	0	0
2494.0	0	0	0	1
2511.0	0	1	0	0
2575.0	0	0	0	1
2602.0	0	1	0	0
3512.0	0	0	0	1
3536.0	0	1	0	0

